5907
8259
8775
7640
7731
6720
6059
6931
6096
8125
8126
5768
8303
8319
7112
6357
6382
6399
6402
6056
6375
6557
6098
8151
7566
8227
7595
5753
7121
8295
8248
7638
5818
5934
6381
5472
6364
6809
5488
5637
5627
5653
6567
5724
5750
8114
6150
5784
5807
6260
8300
6181
6267
5815
5887
5809
6262
6294
5880
5587
5602
4641
5539
5610
6129
5620
6948
6157
5727
5651
5744
5747
5725
6128
5748
5722
5813
7579
8157
7718
7743
6667
5773
5394
5005
6354
4589
5006
5052
5449
5593
5930
5965
4652
5549
5543
5614
5598
5608
5615
5624
5720
6887
5665
6122
8066
7578
5771
8133
6180
5707
7554
5363
5866
7052
5404
5364
8269
8277
5869
4583
4581
5547
5018
3639
5913
5606
5613
3575
3640
5591
5573
6012
5595
5656
5618
5621
6147
5654
6123
6899
5705
5721
6124
5751
6164
6675
5371
8154
7572
4433
5850
7110
5400
7036
4434
4965
4571
4456
5863
5852
4557
5445
5574
5904
5910
4584
3629
5562
6445
6005
3645
5617
5660
6780
6461
6886
4750
4795
6548
6121
6155
6896
6112
6117
6120
6627
7586
5706
6203
7550
6597
8146
5834
7567
4449
3067
4466
4455
6711
7719
3068
5841
5444
6714
5513
4562
4572
3165
5582
6712
5043
5548
4594
5553
5038
6377
5500
4709
6131
4753
5677
5601
6577
4775
4733
5704
6116
5642
6894
6133
7574
6143
6942
4393
6228
4386
6215
4447
8129
8263
5836
8239
5360
7722
3065
8285
7023
7642
7723
4961
6689
3966
5932
4549
4086
4631
3195
3196
4550
4565
5928
4599
3166
6370
5994
4172
4729
4809
5576
6058
6040
6118
4173
5633
6564
5628
5678
6140
6158
6599
6572
6995
7486
6589
8130
8231
6234
6240
5361
4899
8131
7674
4465
6683
4429
4506
6663
7580
4500
7614
5823
4547
6680
7043
4507
8423
5511
3530
5046
3119
6018
6318
5938
6346
5940
5565
6366
6734
5568
6413
7913
5607
6939
5581
5623
5611
6868
5695
6890
6169
5634
5649
3853
5696
5741
6570
5702
5718
8078
6600
6596
6227
6200
4428
7504
8121
6235
7636
7044
8743
8242
6272
8717
8264
6264
5335
6713
7778
6735
4951
7733
5905
7695
5927
5894
5890
5939
3523
5906
5588
6444
6004
3134
4174
5619
6368
4604
6388
5622
6867
5978
4699
5663
6935
6067
6544
6084
5638
6148
6470
5631
6146
8147
6936
6191
6531
3873
8128
6202
3826
5742
7016
7513
6671
5342
5703
8138
4420
5797
7684
6676
6282
6284
7619
8226
7692
5806
6283
5891
6309
6275
6751
3129
6287
7173
3142
3532
5049
5552
5577
5579
4140
4588
6359
5636
6352
7311
6372
5625
6765
4234
6367
6369
6775
6471
6035
7367
6145
4184
3817
4294
6151
6494
6185
3842
3333
3845
6549
6206
7564
8132
6644
8145
4417
7571
6213
5799
8115
6257
8137
8749
7665
7077
7111
8779
5847
6214
6255
6258
5879
7739
5848
6220
5821
7093
6256
6298
5492
5849
5507
5544
6704
6718
5956
5599
5514
6033
6443
6052
5616
5936
7307
5629
6094
6365
7357
3185
6371
6063
5680
7374
6045
6872
6154
6064
6108
6089
5714
6105
6545
6558
5754
6152
5738
6212
5715
7589
8178
8245
5786
7605
7034
5804
8149
6590
6659
5787
6218
5756
7019
8737
7732
5820
5775
7026
6695
5795
6289
7644
7049
6268
6265
6259
5865
6276
6290
5536
5541
5550
5561
5490
6320
6043
5609
5545
5512
5542
5551
8463
6400
6736
5546
6417
6420
5973
6053
6042
6092
6095
6551
6554
6161
6054
6072
6114
6093
6091
5717
6085
6125
6149
6109
6921
7515
6179
7518
6126
6938
6192
5793
5785
5788
5802
5819
6187