2006 SU49 ,XJ , 00984 ,  542  , 1 30 45.21 19 41 39.95 , 0 0 0.11   0 0 1.68 , 18.463
2006 SU49 ,XJ , 00995 ,  611  , 1 18 59.9 16 53 3.26 , 0 0 0.09   0 0 1.31 , 18.694
2006 SU49 ,XJ , 04293 ,  612  , 1 35 17.65 17 51 28.66 , 0 0 0.06   0 0 0.92 , 19.332
2006 SU49 ,XJ , 04310 ,  612  , 1 27 55.63 17 25 7.97 , 0 0 0.06   0 0 0.95 , 19.13
1998 SC15 ,XF , 06807 ,  504  , 11 51 20.55 24 0 11.74 , 0 0 0.05   0 0 0.7 , 19.352
1997 XF11 ,XF , 06168 ,  708  , 9 45 5.94 7 39 22.25 , 0 0 0.01   0 0 0.1 , 19.367
2012 SW20 ,XJ , 02659 ,  246  , 2 8 24.21 44 5 31.27 , 0 0 0.32   0 0 4.74 , 19.232
2009 KK ,XJ , 00298 ,  764  , 4 10 43.35 4 27 56.38 , 0 0 0.12   0 0 1.76 , 19.45
1999 JU3 ,XJ , 00165 ,  475  , 1 16 35.49 27 42 8.06 , 0 0 0.09   0 0 1.38 , 19.704
2014 DM22 ,XJ , 03049 ,  265  , 11 2 41.18 45 13 2.89 , 0 0 0.12   0 0 1.82 , 18.962
2003 KO2 ,XN , 03212 ,  592  , 18 57 3.33 20 58 57.0 , 0 0 0.41   0 0 6.15 , 19.457
2016 CB194 ,XJ , 01615 ,  408  , 23 42 20.39 35 32 41.68 , 0 0 4.09   0 1 1.33 , 13.933
2016 CB194 ,XJ , 01631 ,  200  , 3 30 50.27 48 41 8.66 , 0 0 1.17   0 0 17.51 , 15.738
1999 DB7 ,XJ , 03952 ,  068  , 16 10 24.97 71 57 1.66 , 0 0 0.08   0 0 1.24 , 18.974
1999 DB7 ,XN , 06281 ,  524  , 19 0 39.58 26 2 53.7 , 0 0 0.06   0 0 0.86 , 18.575
2002 PZ39 ,XF , 00743 ,  752  , 0 31 49.57 5 13 38.24 , 0 0 0.01   0 0 0.18 , 19.02
2000 GV147 ,XJ , 05102 ,  441  , 12 15 31.51 27 38 50.35 , 0 0 0.1   0 0 1.45 , 19.511
2000 GV147 ,XJ , 05109 ,  441  , 12 13 22.33 27 42 48.96 , 0 0 0.1   0 0 1.44 , 19.507
1947 XC ,XN , 06474 ,  549  , 3 58 4.15 18 5 12.88 , 0 0 0.01   0 0 0.08 , 18.787
1947 XC ,XN , 06579 ,  616  , 3 10 52.98 15 11 26.88 , 0 0 0.01   0 0 0.16 , 15.895
1998 QA1 ,XF , 06402 ,  476  , 1 16 32.95 26 49 42.28 , 0 0 0.05   0 0 0.78 , 19.79
1998 QA1 ,XN , 06442 ,  474  , 0 40 58.45 25 39 40.86 , 0 0 0.06   0 0 0.91 , 19.75
1989 FC ,XF , 02376 ,  643  , 12 4 4.33 15 35 3.8 , 0 0 0.11   0 0 1.71 , 17.09
1989 FC ,XF , 02399 ,  715  , 12 7 12.44 12 34 25.64 , 0 0 0.04   0 0 0.59 , 19.623
2008 TC4 ,XJ , 02183 ,  410  , 0 20 23.39 28 52 12.18 , 0 0 0.1   0 0 1.5 , 18.716
2004 KH17 ,XJ , 02457 ,  331  , 16 38 39.69 40 21 49.43 , 0 0 0.38   0 0 5.66 , 18.637
1973 EA ,XJ , 01613 ,  533  , 22 23 1.02 23 37 2.17 , 0 0 0.01   0 0 0.16 , 18.229
2003 QO104 ,XJ , 03035 ,  308  , 6 29 19.26 37 26 10.93 , 0 0 0.02   0 0 0.23 , 19.553
2002 AW ,XF , 03846 ,  635  , 9 12 41.33 16 10 57.83 , 0 0 0.04   0 0 0.53 , 18.346
1998 KJ9 ,XJ , 03035 ,  308  , 6 40 38.49 38 28 41.12 , 0 0 0.08   0 0 1.14 , 18.318
1993 EA ,XJ , 00485 ,  716  , 12 21 26.91 8 24 0.9 , 0 0 0.01   0 0 0.12 , 18.394
1993 EA ,XF , 01116 ,  497  , 9 18 37.2 23 26 33.25 , 0 0 0.01   0 0 0.11 , 19.65
1988 TA ,XJ , 02179 ,  683  , 1 31 19.38 9 37 54.48 , 0 0 0.12   0 0 1.81 , 15.384
1988 TA ,XJ , 02184 ,  683  , 1 29 25.38 8 42 59.65 , 0 0 0.11   0 0 1.62 , 15.583
2004 DV24 ,XF , 01168 ,  566  , 9 36 2.37 17 20 17.92 , 0 0 0.02   0 0 0.27 , 19.606
2002 QF15 ,XF , 04209 ,  107  , 21 1 34.7 61 59 42.61 , 0 0 0.01   0 0 0.12 , 17.317
2002 QF15 ,XF , 05252 ,  395  , 18 29 28.1 34 39 47.3 , 0 0 0.01   0 0 0.11 , 16.865
2002 QF15 ,XF , 05354 ,  519  , 17 21 36.23 25 55 19.45 , 0 0 0.0   0 0 0.06 , 18.127
2016 EZ157 ,XJ , 00608 ,  232  , 19 31 58.03 47 42 14.11 , 0 0 28.96   0 7 14.45 , 15.694
2016 EZ157 ,XF , 00754 ,  530  , 21 16 21.93 24 53 31.06 , 0 0 5.18   0 1 17.71 , 18.562
2006 BC10 ,XF , 02331 ,  562  , 8 31 59.86 21 44 13.96 , 0 0 0.11   0 0 1.7 , 18.474
1989 UP ,XF , 03050 ,  572  , 11 48 6.4 18 41 40.31 , 0 0 0.02   0 0 0.29 , 19.72
1989 AC ,XF , 07263 ,  561  , 8 5 12.66 20 35 39.91 , 0 0 0.0   0 0 0.0 , 17.397
2000 EJ26 ,XF , 01116 ,  497  , 9 10 11.76 24 18 50.98 , 0 0 0.03   0 0 0.5 , 19.463
1998 FW4 ,XJ , 05691 ,  433  , 9 1 30.34 30 8 48.98 , 0 0 0.16   0 0 2.34 , 16.889
1998 FW4 ,XF , 05708 ,  566  , 9 46 7.58 20 47 49.88 , 0 0 0.1   0 0 1.48 , 17.718
2014 QK434 ,XF , 01374 ,  815  , 21 18 31.72 4 10 32.66 , 0 0 1.51   0 0 22.59 , 18.949
2014 QK434 ,XJ , 01380 ,  815  , 21 16 44.26 4 14 53.2 , 0 0 1.52   0 0 22.8 , 18.928
2017 HT2 ,XJ , 05175 ,  580  , 14 44 58.68 19 14 3.59 , 0 0 7.01   0 1 45.18 , 19.61
2017 HT2 ,XJ , 05190 ,  580  , 14 33 49.32 19 34 19.96 , 0 0 6.89   0 1 43.41 , 19.552
2014 HK129 ,XF , 05757 ,  799  , 15 49 47.12 3 47 2.33 , 0 0 21.48   0 5 22.26 , 19.836
2007 LQ19 ,XN , 00950 ,  768  , 5 35 57.37 5 1 31.55 , 0 0 0.09   0 0 1.35 , 19.915
1998 ST27 ,XF , 04762 ,  285  , 20 21 58.78 42 16 42.96 , 0 0 0.02   0 0 0.23 , 19.517
2006 GB ,XF , 04595 ,  397  , 19 11 18.67 37 50 58.2 , 0 0 0.26   0 0 3.86 , 19.428
2006 GB ,XN , 04608 ,  281  , 18 53 17.52 44 0 18.79 , 0 0 0.29   0 0 4.28 , 19.351
2000 MU1 ,XJ , 04419 ,  763  , 4 8 49.55 2 32 40.45 , 0 0 0.06   0 0 0.84 , 18.59
2010 RA147 ,XN , 04334 ,  679  , 0 1 5.15 9 29 29.94 , 0 0 0.78   0 0 11.72 , 18.584
2002 XR14 ,XN , 06064 ,  549  , 3 39 10.21 18 33 41.47 , 0 0 0.04   0 0 0.55 , 19.921
1998 HJ3 ,XN , 06587 ,  629  , 7 19 41.33 12 35 34.69 , 0 0 0.04   0 0 0.62 , 18.577
1998 HJ3 ,XJ , 06588 ,  629  , 7 19 9.85 12 35 30.44 , 0 0 0.04   0 0 0.63 , 18.576
1998 HJ3 ,XJ , 06618 ,  695  , 5 12 38.64 12 10 54.12 , 0 0 0.1   0 0 1.54 , 19.247
2007 YQ56 ,XJ , 00636 ,  455  , 17 40 14.98 28 0 57.78 , 0 0 0.07   0 0 0.99 , 19.628
2007 YQ56 ,XJ , 00638 ,  455  , 17 40 42.31 27 54 26.17 , 0 0 0.06   0 0 0.96 , 19.695
2003 YX1 ,XJ , 00351 ,  578  , 13 54 7.42 17 53 7.26 , 0 0 0.11   0 0 1.59 , 19.553
2011 UH20 ,XN , 04490 ,  214  , 10 25 50.43 49 27 1.3 , 0 0 0.57   0 0 8.49 , 18.823
2014 ER49 ,XJ , 06218 ,  132  , 13 34 48.75 59 10 51.56 , 0 0 1.1   0 0 16.54 , 17.823
1994 CN2 ,XJ , 00372 ,  563  , 8 46 18.81 19 49 50.81 , 0 0 0.02   0 0 0.36 , 19.625
1994 CN2 ,XN , 06653 ,  999  , 10 47 3.82 9 57 49.18 , 0 0 0.01   0 0 0.22 , 19.372
1994 CN2 ,XF , 06654 ,  999  , 10 46 56.68 9 58 35.18 , 0 0 0.01   0 0 0.22 , 19.369
1994 CN2 ,XN , 06655 ,  999  , 10 42 55.05 10 25 5.99 , 0 0 0.01   0 0 0.22 , 19.281
1994 CN2 ,XN , 06660 ,  999  , 10 41 35.55 10 33 41.98 , 0 0 0.01   0 0 0.22 , 19.251
1994 CN2 ,XN , 06665 ,  999  , 10 27 54.15 11 58 57.94 , 0 0 0.01   0 0 0.22 , 18.956
1998 SF36 ,XF , 02884 ,  616  , 2 57 18.71 14 51 59.54 , 0 0 0.0   0 0 0.01 , 19.87
1984 QA ,XF , 04207 ,  760  , 3 6 54.15 2 33 4.25 , 0 0 0.02   0 0 0.34 , 19.274
1982 HR ,XJ , 00164 ,  822  , 23 42 49.44 2 16 49.44 , 0 0 0.01   0 0 0.22 , 19.621
2000 PN9 ,XJ , 03441 ,  604  , 23 3 51.46 19 27 16.67 , 0 0 0.01   0 0 0.08 , 18.866
2000 PN9 ,XJ , 03442 ,  604  , 23 3 50.74 19 27 3.92 , 0 0 0.01   0 0 0.08 , 18.865
2000 PN9 ,XF , 03483 ,  747  , 22 43 31.96 12 48 24.08 , 0 0 0.01   0 0 0.1 , 17.807
2001 FC58 ,XF , 06927 ,  803  , 17 24 14.83 2 35 10.75 , 0 0 0.17   0 0 2.54 , 19.795
2011 GS60 ,XJ , 04687 ,  818  , 22 29 45.15 5 13 19.09 , 0 0 4.47   0 1 7.03 , 18.656
2016 NV ,XJ , 02565 ,  400  , 20 36 15.59 32 6 34.92 , 0 0 0.45   0 0 6.8 , 19.428
2016 NV ,XJ , 02568 ,  401  , 20 36 12.75 32 8 16.19 , 0 0 0.45   0 0 6.81 , 19.427
2016 NV ,XF , 02676 ,  103  , 18 18 39.8 62 49 45.37 , 0 0 0.59   0 0 8.89 , 19.696
2016 NV ,XJ , 02710 ,  102  , 17 59 53.14 64 14 53.48 , 0 0 0.61   0 0 9.12 , 19.722
1998 OR2 ,XJ , 05580 ,  424  , 5 40 36.75 30 34 46.63 , 0 0 0.01   0 0 0.1 , 19.398
2011 BN24 ,XJ , 03146 ,  637  , 9 51 28.71 14 19 20.06 , 0 0 0.96   0 0 14.43 , 17.966
1994 CC ,XF , 00985 ,  545  , 2 20 16.33 19 21 12.92 , 0 0 0.04   0 0 0.56 , 19.494
1998 QS52 ,XJ , 02190 ,  743  , 21 29 55.59 10 55 50.45 , 0 0 0.01   0 0 0.09 , 18.989
2019 NY2 ,XJ , 02508 ,  456  , 18 4 20.84 27 43 53.44 , 0 6 2.59   1 30 38.91 , 19.324
2019 NY2 ,XJ , 02529 ,  456  , 18 4 41.22 30 19 13.22 , 0 7 16.49   1 49 7.34 , 19.001
1989 VB ,XF , 02948 ,  480  , 2 54 28.06 22 33 46.62 , 0 0 0.06   0 0 0.91 , 17.622
1989 VB ,XF , 02992 ,  482  , 3 30 15.87 24 39 20.12 , 0 0 0.04   0 0 0.54 , 19.001
1990 MF ,XF , 03619 ,  487  , 5 21 3.65 22 22 54.41 , 0 0 0.01   0 0 0.1 , 18.857
2003 BD44 ,XN , 06474 ,  549  , 3 53 52.88 17 50 18.31 , 0 0 0.01   0 0 0.09 , 19.76
2006 VC ,XJ , 01758 ,  268  , 12 47 6.71 47 41 31.78 , 0 0 0.3   0 0 4.44 , 19.824
2006 VC ,XJ , 01770 ,  268  , 12 42 2.22 45 56 43.73 , 0 0 0.28   0 0 4.2 , 19.923
2008 DG5 ,XJ , 01626 ,  614  , 2 25 0.18 13 36 33.98 , 0 0 0.05   0 0 0.72 , 19.676
2011 UL21 ,XN , 00994 ,  366  , 6 50 51.96 35 48 50.36 , 0 0 0.06   0 0 0.88 , 17.032
2011 UL21 ,XN , 01419 ,  526  , 19 42 48.5 25 38 46.79 , 0 0 0.03   0 0 0.44 , 19.029
2011 UL21 ,XJ , 03403 ,  591  , 18 27 2.32 20 39 8.96 , 0 0 0.09   0 0 1.3 , 16.454
2011 UL21 ,XJ , 03417 ,  591  , 18 25 22.12 20 25 4.91 , 0 0 0.08   0 0 1.24 , 16.607
1994 NE ,XN , 05831 ,  664  , 18 52 20.51 17 55 39.65 , 0 0 0.38   0 0 5.69 , 19.364
1994 NE ,XN , 05836 ,  592  , 18 52 52.18 17 58 18.59 , 0 0 0.36   0 0 5.33 , 19.266
2000 SP43 ,XN , 06509 ,  203  , 5 14 25.93 51 12 54.94 , 0 0 0.01   0 0 0.2 , 18.368
1986 PA ,XR , 01263 ,  808  , 18 49 48.88 4 31 7.21 , 0 0 0.05   0 0 0.69 , 18.907
1986 PA ,XJ , 01842 ,  734  , 18 20 1.22 7 52 34.72 , 0 0 0.04   0 0 0.59 , 19.066
1986 PA ,XJ , 01850 ,  734  , 18 11 20.53 8 37 26.69 , 0 0 0.04   0 0 0.62 , 18.985
1986 PA ,XJ , 01927 ,  730  , 16 53 41.74 8 44 19.72 , 0 0 0.04   0 0 0.66 , 18.967
1983 TB ,XJ , 00297 ,  299  , 2 35 3.02 37 56 33.58 , 0 0 0.0   0 0 0.03 , 17.619
1983 TB ,XF , 02817 ,  248  , 3 8 31.11 47 12 57.49 , 0 0 0.0   0 0 0.02 , 17.382
1983 TB ,XF , 02822 ,  199  , 3 5 31.3 47 11 15.9 , 0 0 0.0   0 0 0.02 , 17.368
1983 TB ,XJ , 04977 ,  475  , 1 9 39.47 27 17 12.95 , 0 0 0.0   0 0 0.01 , 18.532
1983 TB ,XJ , 04987 ,  475  , 1 8 52.47 26 38 8.48 , 0 0 0.0   0 0 0.01 , 18.6
1983 TB ,XN , 06450 ,  303  , 4 16 51.32 40 23 33.58 , 0 0 0.0   0 0 0.01 , 18.642
1983 TB ,XN , 06505 ,  302  , 3 41 51.22 41 46 31.08 , 0 0 0.0   0 0 0.01 , 18.103
1984 KD ,XN , 07201 ,  721  , 13 49 15.71 9 52 38.6 , 0 0 0.01   0 0 0.09 , 19.85
1999 GK4 ,XJ , 06093 ,  626  , 6 30 25.11 16 37 16.32 , 0 0 0.01   0 0 0.13 , 19.936
1999 GK4 ,XJ , 06744 ,  712  , 10 50 55.26 9 14 36.64 , 0 0 0.01   0 0 0.1 , 19.346
1999 GK4 ,XJ , 06745 ,  712  , 10 50 54.39 9 14 43.66 , 0 0 0.01   0 0 0.1 , 19.347
1999 GK4 ,XJ , 06790 ,  711  , 10 45 48.48 10 11 23.89 , 0 0 0.01   0 0 0.09 , 19.625
1999 GK4 ,XJ , 06791 ,  711  , 10 45 48.56 10 11 24.4 , 0 0 0.01   0 0 0.09 , 19.625
2003 TK2 ,XF , 00262 ,  604  , 23 18 26.65 21 23 36.24 , 0 0 9.8   0 2 26.97 , 15.67
2004 TB18 ,XJ , 01835 ,  728  , 16 15 32.55 10 14 4.92 , 0 0 0.05   0 0 0.74 , 18.638
1989 JA ,XJ , 06675 ,  508  , 13 3 45.17 27 6 36.47 , 0 0 0.02   0 0 0.26 , 18.535
1996 EN ,XJ , 06738 ,  372  , 9 25 24.64 33 21 9.97 , 0 0 0.01   0 0 0.15 , 18.286
2013 BK18 ,XJ , 02005 ,  744  , 21 51 20.64 9 58 12.14 , 0 0 0.08   0 0 1.16 , 19.817
2011 BE38 ,XJ , 05685 ,  708  , 9 51 35.87 10 48 28.94 , 0 0 0.34   0 0 5.04 , 18.987
2004 AS1 ,XN , 05975 ,  346  , 23 3 36.04 42 54 44.03 , 0 0 0.09   0 0 1.37 , 18.881
2007 ML24 ,XJ , 04067 ,  107  , 21 40 1.53 64 28 46.34 , 0 0 0.91   0 0 13.6 , 17.708
2016 GT220 ,XF , 02315 ,  262  , 9 34 19.58 47 44 0.06 , 0 0 0.21   0 0 3.22 , 19.354
1988 EG ,XJ , 01762 ,  784  , 10 58 35.85 5 8 54.46 , 0 0 0.03   0 0 0.41 , 16.64
2006 CF ,XJ , 04396 ,  553  , 5 22 10.63 20 23 42.54 , 0 0 0.51   0 0 7.6 , 18.756
2006 CF ,XF , 04420 ,  488  , 5 54 33.06 23 40 59.81 , 0 0 0.29   0 0 4.37 , 19.936
1991 JX ,XJ , 01377 ,  683  , 1 9 25.25 12 45 42.84 , 0 0 0.0   0 0 0.0 , 0.0
1991 JX ,XJ , 01389 ,  611  , 1 7 46.74 12 29 13.2 , 0 0 0.0   0 0 0.0 , 0.0
1991 JX ,XJ , 01455 ,  681  , 0 37 49.27 7 49 32.41 , 0 0 0.0   0 0 0.0 , 0.0
1991 JX ,XF , 01462 ,  753  , 0 36 26.73 7 36 33.8 , 0 0 0.0   0 0 0.0 , 0.0
1991 JX ,XF , 02906 ,  632  , 8 12 51.54 17 25 8.22 , 0 0 0.0   0 0 0.0 , 0.0
1991 JX ,XF , 04217 ,  751  , 23 58 55.4 5 13 9.95 , 0 0 0.0   0 0 0.0 , 0.0
1991 JX ,XJ , 07084 ,  555  , 6 3 28.2 21 37 34.25 , 0 0 0.0   0 0 0.0 , 0.0
1991 JX ,XJ , 07116 ,  555  , 5 57 3.61 21 22 53.0 , 0 0 0.0   0 0 0.0 , 0.0
2011 JK ,XF , 03305 ,  740  , 20 12 29.83 8 1 54.19 , 0 0 0.18   0 0 2.64 , 17.873
2000 QW69 ,XJ , 04861 ,  603  , 22 38 34.65 22 10 11.5 , 0 0 0.02   0 0 0.34 , 19.224
1992 UY4 ,XF , 04881 ,  250  , 4 16 44.35 44 53 27.96 , 0 0 0.12   0 0 1.79 , 15.436
1999 JM8 ,XN , 00950 ,  768  , 5 46 40.97 7 27 49.72 , 0 0 0.0   0 0 0.05 , 19.979
1999 JM8 ,XJ , 05682 ,  639  , 10 40 41.8 16 54 54.58 , 0 0 0.0   0 0 0.07 , 19.848
1932 HA ,XF , 02361 ,  714  , 11 31 28.12 11 43 14.95 , 0 0 0.01   0 0 0.11 , 17.672
1932 HA ,XF , 02373 ,  713  , 11 18 18.02 12 34 42.31 , 0 0 0.01   0 0 0.11 , 17.791
1932 HA ,XF , 02916 ,  431  , 8 14 56.39 29 0 51.88 , 0 0 0.0   0 0 0.07 , 16.926
1932 HA ,XN , 02939 ,  369  , 7 46 11.67 32 57 56.74 , 0 0 0.01   0 0 0.08 , 16.737
1932 HA ,XN , 02993 ,  365  , 6 20 26.01 37 15 27.65 , 0 0 0.01   0 0 0.09 , 16.502
1989 QF ,XN , 05972 ,  613  , 2 6 18.34 15 15 53.24 , 0 0 0.01   0 0 0.16 , 18.932
2013 PX6 ,XJ , 02050 ,  672  , 21 52 1.39 17 34 32.02 , 0 0 0.2   0 0 3.0 , 19.306
2013 PX6 ,XJ , 02160 ,  669  , 20 47 12.2 12 40 50.99 , 0 0 0.45   0 0 6.78 , 16.699
2002 OD20 ,XJ , 00318 ,  557  , 6 33 51.18 20 39 27.79 , 0 0 0.11   0 0 1.67 , 16.279
1991 VH ,XN , 03966 ,  270  , 13 47 10.37 44 39 35.32 , 0 0 0.04   0 0 0.54 , 16.932
2007 MB24 ,XJ , 02482 ,  397  , 19 0 24.02 34 12 47.99 , 0 0 0.11   0 0 1.6 , 17.513
2007 MB24 ,XJ , 02503 ,  395  , 18 25 35.57 32 53 4.56 , 0 0 0.11   0 0 1.6 , 18.045
2007 MB24 ,XJ , 02529 ,  456  , 18 1 9.35 31 4 40.66 , 0 0 0.1   0 0 1.43 , 18.62
2003 RX7 ,XJ , 02151 ,  602  , 22 20 27.43 22 41 29.11 , 0 0 0.02   0 0 0.35 , 18.599
2009 AE16 ,XF , 07183 ,   92  , 10 32 2.35 62 14 13.63 , 0 0 0.06   0 0 0.91 , 18.985
2012 VO6 ,XF , 03699 ,  613  , 1 51 30.81 15 26 39.8 , 0 1 52.36   0 28 5.4 , 19.997
2007 FA ,XJ , 05103 ,  174  , 13 29 37.63 52 59 29.15 , 0 0 0.04   0 0 0.58 , 19.546
2007 FA ,XJ , 05104 ,  174  , 13 29 35.73 53 2 4.27 , 0 0 0.04   0 0 0.58 , 19.547
2000 JG5 ,XJ , 01345 ,  139  , 17 49 40.02 58 41 3.08 , 0 0 0.05   0 0 0.73 , 19.777
1959 LM ,XF , 00939 ,  359  , 4 9 41.57 35 36 36.97 , 0 0 0.01   0 0 0.09 , 15.156
1959 LM ,XJ , 02171 ,  821  , 23 17 5.62 4 44 48.05 , 0 0 0.0   0 0 0.02 , 18.878
2005 GJ8 ,XF , 03607 ,  820  , 23 5 40.43 7 34 22.66 , 0 0 0.19   0 0 2.82 , 19.455
2005 GJ8 ,XN , 03655 ,  818  , 22 23 46.01 3 0 29.3 , 0 0 0.15   0 0 2.24 , 19.403
2001 QC34 ,XN , 06358 ,  815  , 21 12 41.44 5 12 43.16 , 0 0 0.04   0 0 0.65 , 19.23
2001 QC34 ,XN , 06387 ,  813  , 20 48 39.9 4 30 23.87 , 0 0 0.04   0 0 0.62 , 19.409
2001 QC34 ,XN , 06391 ,  813  , 20 46 30.9 4 23 40.63 , 0 0 0.04   0 0 0.62 , 19.437
1987 SY ,XF , 00986 ,  425  , 6 8 54.84 30 59 3.48 , 0 0 0.01   0 0 0.14 , 19.59
1987 SY ,XN , 01517 ,  749  , 23 17 38.93 12 34 42.92 , 0 0 0.04   0 0 0.56 , 16.625
1987 SY ,XJ , 01583 ,  821  , 23 23 37.2 5 22 43.0 , 0 0 0.01   0 0 0.18 , 19.868
1987 SY ,XF , 02856 ,  417  , 3 3 25.66 27 51 53.89 , 0 0 0.01   0 0 0.14 , 19.705
1987 SY ,XN , 06028 ,  609  , 0 35 36.81 16 29 22.45 , 0 0 0.01   0 0 0.19 , 18.703
1998 OH ,XJ , 01371 ,  411  , 0 41 55.57 31 57 40.39 , 0 0 0.01   0 0 0.08 , 19.49
1998 OH ,XJ , 01426 ,  411  , 0 32 18.94 31 35 1.43 , 0 0 0.01   0 0 0.08 , 19.224
1998 OH ,XF , 04271 ,  477  , 1 52 55.54 25 19 48.54 , 0 0 0.01   0 0 0.1 , 18.447
1998 OH ,XF , 04280 ,  477  , 1 48 49.72 24 32 7.98 , 0 0 0.01   0 0 0.1 , 18.337
1998 OH ,XN , 05561 ,  686  , 2 17 49.34 12 12 45.79 , 0 0 0.01   0 0 0.12 , 17.435
2017 AQ19 ,XF , 05754 ,  218  , 12 26 41.37 47 2 37.14 , 0 3 20.25   0 50 3.68 , 19.439
2005 JE46 ,XJ , 04985 ,  777  , 8 39 32.76 5 32 17.52 , 0 0 0.01   0 0 0.13 , 19.878
2005 YY128 ,XJ , 04287 ,  481  , 3 12 25.57 26 11 36.13 , 0 0 0.02   0 0 0.36 , 19.891
2001 UZ16 ,XJ , 01572 ,  465  , 21 29 37.93 27 10 34.39 , 0 0 0.03   0 0 0.52 , 19.677
1951 RA ,XN , 06010 ,  673  , 21 50 53.87 12 19 28.81 , 0 0 0.0   0 0 0.02 , 15.156
2011 CG2 ,XF , 01653 ,  783  , 10 47 18.74 4 7 13.26 , 0 0 0.07   0 0 0.98 , 19.712
2003 WG ,XJ , 01787 ,  384  , 14 8 40.76 35 45 50.18 , 0 0 0.35   0 0 5.28 , 19.421
2003 WR21 ,XF , 03645 ,  766  , 5 3 1.31 4 11 1.9 , 0 0 0.03   0 0 0.41 , 19.838
2004 WS2 ,XF , 01612 ,  633  , 8 46 35.7 15 44 14.46 , 0 0 0.1   0 0 1.44 , 18.29
2001 XU10 ,XJ , 05013 ,  780  , 9 32 53.5 5 2 31.92 , 0 0 0.01   0 0 0.18 , 18.772
2008 QY ,XF , 02792 ,  304  , 4 31 51.94 40 54 23.0 , 0 0 0.02   0 0 0.33 , 17.582
2008 QY ,XF , 02811 ,  302  , 3 47 46.91 42 18 6.01 , 0 0 0.03   0 0 0.52 , 17.478
2008 QY ,XF , 02936 ,  473  , 0 24 7.5 25 46 7.03 , 0 0 0.03   0 0 0.45 , 19.885
2002 VU94 ,XN , 04657 ,  074  , 21 5 49.12 71 53 11.62 , 0 0 0.34   0 0 5.04 , 14.36
2002 VU94 ,XN , 04783 ,  600  , 21 49 36.71 18 47 11.44 , 0 0 0.11   0 0 1.68 , 15.016
2002 VU94 ,XJ , 04889 ,  817  , 22 7 36.11 4 49 59.52 , 0 0 0.06   0 0 0.84 , 16.778
2002 VU94 ,XF , 06061 ,  779  , 9 14 51.24 4 53 9.89 , 0 0 0.01   0 0 0.18 , 19.95
2002 VU94 ,XJ , 06068 ,  779  , 9 15 8.15 4 46 37.31 , 0 0 0.01   0 0 0.18 , 19.924
2007 JX2 ,XJ , 06549 ,  488  , 5 41 45.27 23 32 34.73 , 0 0 0.1   0 0 1.56 , 19.094
2001 UA5 ,XJ , 03115 ,  377  , 11 22 58.89 35 46 7.18 , 0 0 0.03   0 0 0.41 , 17.83
2002 VX94 ,XF , 00956 ,  311  , 8 3 9.01 40 28 47.64 , 0 0 0.07   0 0 1.04 , 18.18
2018 XV5 ,XF , 05213 ,  181  , 17 36 10.51 52 47 40.06 , 0 0 0.36   0 0 5.32 , 16.857
2018 XV5 ,XJ , 05261 ,  047  , 21 20 1.94 75 4 54.12 , 0 0 0.48   0 0 7.21 , 17.19
2018 XV5 ,XJ , 05262 ,  047  , 21 21 8.23 75 5 55.75 , 0 0 0.48   0 0 7.21 , 17.192
1995 SA ,XF , 04154 ,  671  , 21 8 53.31 12 24 2.88 , 0 0 0.09   0 0 1.38 , 18.097
2012 MS4 ,XN , 06269 ,  802  , 17 7 34.62 3 56 14.24 , 0 0 0.02   0 0 0.34 , 19.324
2006 HZ51 ,XJ , 05115 ,  444  , 13 38 1.98 30 17 41.78 , 0 0 0.13   0 0 2.01 , 18.565
1989 UR ,XF , 02855 ,  412  , 1 12 32.47 28 7 54.37 , 0 0 0.02   0 0 0.23 , 16.544
1989 UR ,XF , 02869 ,  475  , 0 57 49.97 25 6 55.08 , 0 0 0.02   0 0 0.24 , 16.454
1989 UR ,XF , 03551 ,  601  , 22 1 48.98 18 10 30.58 , 0 0 0.01   0 0 0.18 , 18.655
1989 UR ,XJ , 04107 ,  594  , 19 25 58.63 18 36 4.03 , 0 0 0.02   0 0 0.36 , 17.77
2001 HY7 ,XJ , 01901 ,  804  , 17 40 36.92 2 11 41.21 , 0 0 0.18   0 0 2.63 , 18.683
2001 HY7 ,XJ , 01947 ,  728  , 16 29 31.51 10 2 49.06 , 0 0 0.18   0 0 2.65 , 18.671
2009 SG2 ,XN , 07059 ,  201  , 3 47 25.64 49 35 18.96 , 0 0 0.05   0 0 0.72 , 19.798
1998 UT18 ,XF , 02386 ,  800  , 16 27 38.88 2 25 32.27 , 0 0 0.01   0 0 0.16 , 19.224
1994 XL1 ,XJ , 06075 ,  626  , 6 32 3.41 14 32 39.66 , 0 0 0.07   0 0 1.01 , 15.126
2012 VL6 ,XJ , 01553 ,  202  , 4 21 18.92 51 44 43.04 , 0 0 7.58   0 1 53.77 , 15.837
1982 XB ,XJ , 01507 ,  760  , 2 49 22.19 4 9 40.39 , 0 0 0.04   0 0 0.58 , 18.665
2003 YE45 ,XJ , 02738 ,  200  , 3 30 11.63 52 43 48.43 , 0 0 0.01   0 0 0.1 , 19.989
2003 YE45 ,XJ , 05391 ,  194  , 0 33 52.54 51 33 28.19 , 0 0 0.01   0 0 0.13 , 18.729
2003 YE45 ,XJ , 05392 ,  194  , 0 33 50.51 51 33 49.61 , 0 0 0.01   0 0 0.13 , 18.729
2003 YE45 ,XN , 05432 ,  191  , 23 23 38.03 55 7 20.39 , 0 0 0.01   0 0 0.16 , 18.682
2003 YE45 ,XN , 07121 ,  256  , 7 6 54.98 45 12 11.84 , 0 0 0.01   0 0 0.1 , 19.747
2003 YE45 ,XN , 07175 ,  422  , 4 51 16.46 29 46 49.62 , 0 0 0.01   0 0 0.14 , 18.07
2010 TH19 ,XJ , 01524 ,  295  , 0 59 26.57 37 17 49.67 , 0 0 0.34   0 0 5.07 , 18.922
2002 PM6 ,XF , 00168 ,  814  , 21 5 8.98 3 35 8.34 , 0 0 0.17   0 0 2.59 , 18.57
2008 EC69 ,XN , 05740 ,  218  , 12 44 12.02 51 50 9.38 , 0 0 0.08   0 0 1.21 , 19.098
2008 EC69 ,XF , 05754 ,  218  , 12 24 39.52 50 28 36.52 , 0 0 0.08   0 0 1.15 , 18.97
2004 BW58 ,XN , 07294 ,  651  , 14 40 32.44 17 4 12.32 , 0 0 0.02   0 0 0.34 , 19.763
2001 MG1 ,XJ , 02482 ,  397  , 19 8 42.77 35 39 24.59 , 0 0 0.07   0 0 1.06 , 18.017
2001 MG1 ,XJ , 02538 ,  337  , 18 58 15.19 38 0 43.38 , 0 0 0.09   0 0 1.28 , 17.333
2017 TV4 ,XJ , 02726 ,  190  , 22 16 37.46 54 19 18.08 , 0 0 0.12   0 0 1.8 , 19.609
2017 TV4 ,XF , 02793 ,  402  , 21 25 10.68 32 58 22.19 , 0 0 0.18   0 0 2.74 , 17.466
2017 NH ,XF , 02954 ,  361  , 4 36 31.65 32 34 44.87 , 0 0 3.6   0 0 53.93 , 19.563
1999 XA143 ,XF , 06061 ,  779  , 9 17 5.05 2 35 41.46 , 0 0 0.01   0 0 0.12 , 19.456
1999 XA143 ,XJ , 06068 ,  779  , 9 18 32.12 2 42 37.48 , 0 0 0.01   0 0 0.12 , 19.41
2009 LW2 ,XN , 05238 ,  583  , 15 35 20.53 22 17 46.03 , 0 0 0.1   0 0 1.55 , 19.947
2019 LX4 ,XF , 02823 ,  251  , 4 29 59.46 43 7 43.07 , 0 0 0.69   0 0 10.3 , 19.768
2019 LX4 ,XF , 02839 ,  303  , 4 28 36.04 42 25 40.3 , 0 0 0.69   0 0 10.31 , 19.766
2011 CY46 ,XF , 02298 ,  650  , 14 19 29.65 12 39 21.02 , 0 0 0.95   0 0 14.31 , 19.603
2002 FG7 ,XJ , 03385 ,  813  , 20 48 51.32 6 11 31.06 , 0 0 0.04   0 0 0.57 , 19.363
1998 HL1 ,XJ , 01217 ,  522  , 18 10 58.5 26 52 5.99 , 0 0 0.04   0 0 0.67 , 19.133
1996 FO3 ,XN , 06564 ,  255  , 6 31 55.0 45 51 58.64 , 0 0 0.08   0 0 1.2 , 19.7
2017 WC15 ,XF , 01104 ,  449  , 15 27 46.26 31 28 54.88 , 0 0 1.95   0 0 29.21 , 19.306
2005 XL80 ,XN , 02975 ,  420  , 4 12 50.83 28 24 11.81 , 0 0 0.01   0 0 0.21 , 19.826
2005 MO13 ,XJ , 02488 ,  343  , 21 31 36.63 42 5 52.58 , 0 0 0.17   0 0 2.58 , 19.051
2010 VZ ,XJ , 01329 ,  815  , 21 25 0.46 3 41 20.65 , 0 0 0.48   0 0 7.26 , 19.889
2010 VZ ,XF , 01374 ,  815  , 21 8 47.23 3 2 7.22 , 0 0 0.74   0 0 11.13 , 18.539
2007 SJ ,XF , 03607 ,  820  , 22 53 56.22 7 39 35.82 , 0 0 0.05   0 0 0.71 , 19.049
2007 SJ ,XJ , 05430 ,  414  , 2 4 26.53 28 36 52.7 , 0 0 0.07   0 0 1.04 , 18.852
2007 SJ ,XJ , 05483 ,  414  , 2 4 40.82 31 23 37.43 , 0 0 0.09   0 0 1.28 , 18.294
1989 DA ,XJ , 02209 ,  480  , 2 43 19.63 27 51 11.16 , 0 0 0.06   0 0 0.91 , 19.727
1989 DA ,XF , 02312 ,  259  , 8 34 51.3 45 45 17.32 , 0 0 0.2   0 0 2.96 , 14.451
2015 SY16 ,XF , 00767 ,  294  , 0 39 59.37 42 17 24.47 , 0 0 1.15   0 0 17.19 , 19.479
1981 ET3 ,XJ , 07193 ,  373  , 9 23 46.53 35 0 18.83 , 0 0 0.01   0 0 0.15 , 16.141
1990 UQ ,XJ , 01766 ,  636  , 9 48 28.16 17 13 47.96 , 0 0 0.01   0 0 0.16 , 19.588
1990 UQ ,XF , 03652 ,  762  , 3 28 45.78 5 31 9.26 , 0 0 0.03   0 0 0.48 , 17.168
2019 UK ,XF , 03612 ,  603  , 22 51 15.84 20 5 43.33 , 0 8 53.11   2 13 16.62 , 18.921
1992 SK ,XF , 02195 ,  305  , 4 59 23.65 40 24 25.96 , 0 0 0.0   0 0 0.06 , 19.244
1992 SK ,XF , 02225 ,  202  , 4 24 24.62 47 36 49.97 , 0 0 0.01   0 0 0.08 , 18.6
1992 SK ,XJ , 04802 ,  758  , 2 21 38.83 5 48 40.64 , 0 0 0.01   0 0 0.1 , 17.224
1992 SK ,XJ , 04803 ,  758  , 2 21 29.06 5 49 46.81 , 0 0 0.01   0 0 0.1 , 17.222
1992 SK ,XN , 04833 ,  684  , 1 31 45.27 9 57 6.66 , 0 0 0.01   0 0 0.13 , 16.725
1992 SK ,XN , 04961 ,  607  , 23 52 10.17 14 19 30.25 , 0 0 0.0   0 0 0.06 , 19.207
1992 SK ,XJ , 06538 ,  252  , 5 21 57.1 44 49 41.41 , 0 0 0.0   0 0 0.06 , 19.132
2000 BF19 ,XF , 04256 ,  535  , 23 8 26.45 25 26 27.35 , 0 0 0.09   0 0 1.29 , 17.841
2003 HB ,XF , 06797 ,  223  , 14 57 42.14 48 21 53.35 , 0 0 0.1   0 0 1.57 , 17.729
2001 JM1 ,XN , 05844 ,  595  , 19 47 55.73 22 43 57.9 , 0 0 0.02   0 0 0.33 , 19.387
1987 SB ,XN , 01008 ,  565  , 9 38 11.19 17 31 29.75 , 0 0 0.02   0 0 0.31 , 18.606
2003 WD158 ,XN , 01007 ,  428  , 7 14 41.4 32 49 53.65 , 0 0 0.07   0 0 1.09 , 16.913
2001 KY66 ,XF , 04420 ,  488  , 5 40 2.7 23 4 56.53 , 0 0 0.03   0 0 0.41 , 18.819
2005 JF21 ,XJ , 04997 ,  628  , 6 48 5.89 12 52 9.44 , 0 0 0.01   0 0 0.14 , 19.95
2005 JF21 ,XN , 06224 ,  797  , 15 27 59.04 5 16 53.11 , 0 0 0.01   0 0 0.19 , 19.023
2010 XY72 ,XJ , 00428 ,  579  , 14 31 55.37 22 43 40.87 , 0 0 0.47   0 0 7.12 , 18.325
2010 XY72 ,XF , 04515 ,  571  , 11 38 17.7 21 29 39.59 , 0 0 0.27   0 0 3.99 , 18.805
1993 BX3 ,XJ , 04880 ,  687  , 2 41 50.94 11 15 44.24 , 0 0 0.02   0 0 0.36 , 19.771
1993 BX3 ,XJ , 04900 ,  687  , 2 45 24.44 10 37 36.3 , 0 0 0.03   0 0 0.4 , 19.5
1993 BX3 ,XN , 04901 ,  687  , 2 45 25.15 10 37 24.71 , 0 0 0.03   0 0 0.4 , 19.498
1991 VK ,XJ , 04168 ,  610  , 1 1 56.35 15 37 50.48 , 0 0 0.0   0 0 0.05 , 19.091
1991 VK ,XJ , 04169 ,  610  , 1 1 58.32 15 38 36.42 , 0 0 0.0   0 0 0.05 , 19.088
2000 ED104 ,XJ , 00587 ,  146  , 22 32 24.71 58 51 22.61 , 0 0 0.02   0 0 0.28 , 19.638
2000 ED104 ,XJ , 02449 ,  276  , 16 37 18.13 47 25 14.88 , 0 0 0.02   0 0 0.25 , 19.939
2000 ED104 ,XJ , 02453 ,  277  , 16 35 26.89 47 40 4.66 , 0 0 0.02   0 0 0.25 , 19.945
2000 ED104 ,XN , 05861 ,  188  , 21 28 39.82 54 43 40.84 , 0 0 0.01   0 0 0.18 , 19.906
2000 ED104 ,XN , 05963 ,  076  , 21 56 58.67 70 42 41.8 , 0 0 0.03   0 0 0.4 , 17.892
2000 ED104 ,XN , 05988 ,  075  , 21 57 15.7 68 29 15.83 , 0 0 0.04   0 0 0.6 , 16.993
1999 JD6 ,XJ , 03303 ,  659  , 17 19 1.88 14 7 31.73 , 0 0 0.07   0 0 1.0 , 17.449
1999 JD6 ,XJ , 05912 ,  722  , 14 21 1.83 10 21 11.05 , 0 0 0.01   0 0 0.2 , 19.292
2015 UM67 ,XJ , 03094 ,  637  , 10 2 55.61 14 49 16.72 , 0 0 0.56   0 0 8.35 , 17.896
2017 MU8 ,XJ , 01973 ,  803  , 17 22 19.32 5 53 35.09 , 0 0 13.55   0 3 23.26 , 18.745
2017 MU8 ,XJ , 01981 ,  731  , 17 18 42.64 7 32 59.5 , 0 0 12.25   0 3 3.79 , 19.023
2017 MU8 ,XJ , 01986 ,  731  , 17 17 13.34 8 14 49.34 , 0 0 11.68   0 2 55.21 , 19.152
2009 KD5 ,XF , 06185 ,  803  , 17 20 17.88 7 46 13.69 , 0 0 0.02   0 0 0.35 , 19.478
2009 KD5 ,XN , 06729 ,  387  , 15 14 19.59 32 20 20.8 , 0 0 0.04   0 0 0.57 , 18.474
2009 KD5 ,XN , 07321 ,  130  , 11 40 38.32 60 55 12.86 , 0 0 0.05   0 0 0.77 , 18.142
2000 DK79 ,XJ , 00438 ,  581  , 15 12 25.82 18 55 44.65 , 0 0 0.02   0 0 0.26 , 19.551
2001 SN263 ,XF , 03548 ,  609  , 0 41 19.33 12 28 33.92 , 0 0 0.03   0 0 0.39 , 19.922
2001 SN263 ,XF , 03557 ,  681  , 0 39 4.19 12 24 9.61 , 0 0 0.03   0 0 0.39 , 19.844
2008 JG ,XF , 05835 ,  388  , 15 33 34.23 36 8 26.84 , 0 0 3.43   0 0 51.46 , 18.865