1999 AN10 ,XN , 07051 ,   56  , 5 46 46.5 72 26 23.5 , 0 0 0.02   0 0 0.23 , 22.414
2000 EK26 ,XF , 02357 ,  723  , 14 32 7.41 11 0 51.26 , 0 0 0.03   0 0 0.5 , 21.81
2000 EK26 ,XF , 02385 ,  722  , 14 19 40.25 12 30 57.24 , 0 0 0.03   0 0 0.52 , 21.825
2000 EK26 ,XF , 05077 ,  798  , 15 34 58.09 2 44 40.38 , 0 0 0.03   0 0 0.52 , 23.126
2011 AG5 ,XJ , 04294 ,  688  , 3 2 42.88 9 43 2.5 , 0 0 0.21   0 0 3.1 , 23.835
2011 AG5 ,XJ , 04318 ,  688  , 2 54 44.72 8 48 22.43 , 0 0 0.22   0 0 3.27 , 23.582
2018 LK ,XF , 01173 ,  584  , 16 8 22.21 17 18 5.26 , 0 0 0.82   0 0 12.29 , 21.655
2017 YZ1 ,XJ , 02644 ,  193  , 23 59 5.36 47 29 38.0 , 0 0 0.04   0 0 0.54 , 22.318
2017 YZ1 ,XJ , 02732 ,  240  , 23 27 41.31 48 4 1.63 , 0 0 0.04   0 0 0.6 , 22.227
2017 YZ1 ,XJ , 02741 ,  291  , 23 25 14.32 47 59 26.66 , 0 0 0.04   0 0 0.6 , 22.223
2017 YZ1 ,XF , 02794 ,  290  , 22 47 40.99 44 13 40.4 , 0 0 0.04   0 0 0.63 , 22.255
2017 YZ1 ,XJ , 04780 ,  289  , 22 9 57.49 43 11 27.82 , 0 0 0.05   0 0 0.7 , 21.743
2006 SU49 ,XJ , 00995 ,  611  , 1 19 2.93 16 54 52.42 , 0 0 0.09   0 0 1.32 , 18.691
2006 SU49 ,XJ , 04293 ,  612  , 1 35 45.31 17 52 40.73 , 0 0 0.06   0 0 0.92 , 19.347
2006 SU49 ,XJ , 04310 ,  612  , 1 28 25.59 17 26 45.02 , 0 0 0.06   0 0 0.95 , 19.14
2004 MX2 ,XJ , 03308 ,  727  , 15 51 33.36 9 39 38.34 , 0 0 0.06   0 0 0.94 , 21.116
2002 NT7 ,XJ , 01929 ,  666  , 19 37 56.58 14 0 12.92 , 0 0 0.01   0 0 0.12 , 20.339
2002 NT7 ,XJ , 01940 ,  666  , 19 32 1.13 13 44 16.33 , 0 0 0.01   0 0 0.13 , 20.217
2000 QK130 ,XN , 06461 ,  620  , 4 8 30.08 15 40 38.46 , 0 0 0.02   0 0 0.29 , 22.367
1998 SC15 ,XN , 06365 ,  668  , 20 28 4.2 13 51 40.5 , 0 0 0.02   0 0 0.26 , 20.827
1998 SC15 ,XF , 06807 ,  504  , 11 50 4.3 24 4 14.95 , 0 0 0.05   0 0 0.71 , 19.337
2011 JA ,XJ , 05245 ,  144  , 21 4 48.91 57 55 24.64 , 0 0 0.05   0 0 0.79 , 23.944
2015 RE36 ,XN , 05964 ,  753  , 0 43 43.79 4 46 24.78 , 0 0 0.35   0 0 5.26 , 21.429
2003 CR20 ,XJ , 04378 ,  619  , 4 7 58.89 14 12 6.88 , 0 0 0.01   0 0 0.22 , 23.346
2013 ED28 ,XJ , 00440 ,  565  , 9 29 42.03 19 27 43.7 , 0 0 0.23   0 0 3.49 , 22.854
1997 XF11 ,XF , 06168 ,  708  , 9 45 23.38 7 36 43.09 , 0 0 0.01   0 0 0.1 , 19.361
2013 QR1 ,XN , 05916 ,  535  , 23 17 32.55 27 34 20.28 , 0 0 47.57   0 11 53.5 , 23.21
2012 SW20 ,XJ , 02659 ,  246  , 2 9 39.91 44 21 41.58 , 0 0 0.32   0 0 4.78 , 19.235
2012 SW20 ,XJ , 02734 ,  352  , 1 23 21.8 32 11 12.66 , 0 0 0.26   0 0 3.85 , 19.185
2012 SW20 ,XN , 05561 ,  686  , 2 30 3.14 10 55 26.18 , 0 0 0.05   0 0 0.7 , 22.594
2001 VK5 ,XF , 06135 ,  163  , 7 26 53.64 53 42 15.7 , 0 0 0.01   0 0 0.18 , 20.87
2011 SR5 ,XJ , 02164 ,  353  , 1 50 55.74 37 28 59.92 , 0 0 1.2   0 0 18.05 , 15.922
2011 SR5 ,XJ , 03384 ,  457  , 18 23 24.28 29 23 31.06 , 0 0 0.05   0 0 0.78 , 23.362
2011 SR5 ,XJ , 03413 ,  457  , 18 14 57.52 27 23 24.97 , 0 0 0.05   0 0 0.76 , 23.452
2004 GU9 ,XJ , 06666 ,  133  , 14 10 32.22 58 25 46.16 , 0 0 0.08   0 0 1.16 , 20.571
2004 GU9 ,XJ , 06698 ,   94  , 11 58 56.18 64 13 38.03 , 0 0 0.08   0 0 1.27 , 20.098
1993 KH ,XJ , 03107 ,  317  , 10 9 21.58 40 28 5.92 , 0 0 0.01   0 0 0.15 , 20.305
1993 KH ,XN , 07201 ,  721  , 13 49 41.0 10 2 14.32 , 0 0 0.01   0 0 0.1 , 21.133
1993 KH ,XN , 07280 ,  649  , 13 47 41.48 15 0 25.13 , 0 0 0.01   0 0 0.14 , 20.045
2018 XG5 ,XN , 04328 ,  615  , 2 36 1.71 13 54 27.4 , 0 0 3.15   0 0 47.26 , 23.719
2014 DM22 ,XJ , 03049 ,  265  , 11 1 52.52 44 43 1.7 , 0 0 0.12   0 0 1.81 , 18.968
2014 DM22 ,XJ , 03067 ,  216  , 11 16 47.21 52 51 3.71 , 0 0 0.13   0 0 1.95 , 18.912
2012 HZ33 ,XJ , 04406 ,  476  , 1 35 29.1 23 44 41.14 , 0 0 0.03   0 0 0.49 , 22.889
2015 WA2 ,XN , 07247 ,  720  , 13 38 16.07 10 38 35.84 , 0 0 0.19   0 0 2.8 , 22.521
2004 VC17 ,XJ , 04419 ,  763  , 3 51 50.01 4 22 1.96 , 0 0 0.02   0 0 0.23 , 22.268
2004 VC17 ,XJ , 04422 ,  763  , 3 53 37.79 4 54 25.38 , 0 0 0.01   0 0 0.22 , 22.489
2008 ER7 ,XJ , 01762 ,  784  , 10 50 2.62 3 59 6.54 , 0 0 0.06   0 0 0.92 , 20.405
2008 ER7 ,XJ , 07309 ,  560  , 7 51 12.29 18 58 3.18 , 0 0 0.09   0 0 1.4 , 20.011
2003 KO2 ,XN , 03212 ,  592  , 18 57 55.81 20 27 15.77 , 0 0 0.4   0 0 6.04 , 19.463
2012 LK11 ,XJ , 05449 ,  692  , 4 18 47.1 12 38 38.83 , 0 0 0.51   0 0 7.67 , 21.382
2012 LK11 ,XJ , 05450 ,  692  , 4 18 46.8 12 38 20.47 , 0 0 0.51   0 0 7.68 , 21.382
2016 CB194 ,XJ , 01615 ,  408  , 23 35 48.92 34 28 14.63 , 0 0 4.14   0 1 2.11 , 13.929
2016 CB194 ,XN , 04446 ,  310  , 7 21 6.39 37 22 28.7 , 0 0 0.07   0 0 1.05 , 20.815
2016 CB194 ,XN , 05146 ,  714  , 11 46 1.42 11 1 33.17 , 0 0 0.06   0 0 0.92 , 23.812
2016 CB194 ,XN , 07293 ,  717  , 12 28 56.6 7 27 42.48 , 0 0 0.06   0 0 0.93 , 23.302
2003 YK118 ,XJ , 01429 ,  544  , 2 18 11.67 22 48 41.36 , 0 0 0.01   0 0 0.09 , 22.988
2003 YK118 ,XJ , 01438 ,  544  , 2 17 53.22 22 51 51.37 , 0 0 0.01   0 0 0.09 , 22.967
2003 YK118 ,XN , 07008 ,  481  , 3 16 59.88 27 41 50.5 , 0 0 0.01   0 0 0.08 , 23.058
2003 YK118 ,XN , 07017 ,  418  , 3 17 8.25 27 52 5.74 , 0 0 0.01   0 0 0.08 , 23.013
2014 KZ45 ,XF , 03832 ,  646  , 13 8 43.92 12 2 36.96 , 0 0 0.05   0 0 0.69 , 23.538
2004 VD17 ,XF , 05582 ,  630  , 7 42 43.52 15 54 0.25 , 0 0 0.01   0 0 0.08 , 20.592
2004 VD17 ,XJ , 06690 ,  627  , 6 43 35.78 17 57 40.46 , 0 0 0.0   0 0 0.06 , 23.223
2001 XU30 ,XJ , 04303 ,  689  , 3 21 1.89 10 18 5.98 , 0 0 0.03   0 0 0.42 , 23.424
2001 XU30 ,XJ , 04319 ,  689  , 3 16 59.28 10 0 36.94 , 0 0 0.03   0 0 0.42 , 23.262
2006 FX ,XJ , 03366 ,  596  , 20 9 4.68 18 41 12.59 , 0 0 0.03   0 0 0.38 , 23.106
2006 FX ,XJ , 03422 ,  667  , 19 54 14.3 17 16 53.58 , 0 0 0.03   0 0 0.38 , 23.039
2006 FX ,XN , 05923 ,  606  , 23 53 4.86 17 31 18.05 , 0 0 0.02   0 0 0.34 , 22.859
2000 YG29 ,XJ , 03259 ,  794  , 14 15 2.43 7 39 50.4 , 0 0 0.01   0 0 0.18 , 23.601
2000 YG29 ,XJ , 03260 ,  794  , 14 15 2.43 7 39 50.4 , 0 0 0.01   0 0 0.18 , 23.601
2018 FO5 ,XJ , 04414 ,  774  , 7 31 3.48 7 39 57.28 , 0 0 0.11   0 0 1.62 , 23.403
2018 FO5 ,XJ , 05625 ,  700  , 6 50 34.06 11 40 30.5 , 0 0 0.09   0 0 1.37 , 23.51
2018 FO5 ,XJ , 05631 ,  700  , 6 49 5.7 11 40 7.25 , 0 0 0.09   0 0 1.37 , 23.51
2018 FO5 ,XJ , 05653 ,  698  , 6 31 27.33 11 43 0.88 , 0 0 0.09   0 0 1.34 , 23.71
2018 FO5 ,XJ , 05655 ,  698  , 6 31 19.09 11 43 5.74 , 0 0 0.09   0 0 1.34 , 23.712
2018 FO5 ,XJ , 05663 ,  698  , 6 29 52.51 11 43 59.74 , 0 0 0.09   0 0 1.33 , 23.736
2010 KR10 ,XJ , 06066 ,  487  , 5 40 34.44 22 42 2.23 , 0 0 0.11   0 0 1.71 , 20.948
2010 KR10 ,XJ , 06097 ,  552  , 4 43 53.77 22 19 14.05 , 0 0 0.07   0 0 0.98 , 23.351
2011 SD173 ,XF , 04930 ,  619  , 4 0 5.21 16 44 19.97 , 0 0 0.04   0 0 0.62 , 22.289
2008 KZ5 ,XJ , 01846 ,  795  , 14 40 45.15 5 9 12.56 , 0 0 0.01   0 0 0.2 , 21.434
2008 KZ5 ,XJ , 06157 ,  713  , 11 8 41.1 12 37 30.4 , 0 0 0.01   0 0 0.15 , 23.834
1999 DB7 ,XJ , 03952 ,  068  , 16 9 37.51 72 9 31.21 , 0 0 0.08   0 0 1.24 , 18.975
1999 DB7 ,XN , 06281 ,  524  , 19 1 1.08 26 14 6.79 , 0 0 0.06   0 0 0.86 , 18.576
2007 CN26 ,XJ , 02188 ,  766  , 4 48 45.15 2 6 40.43 , 0 0 0.04   0 0 0.62 , 20.883
2007 CN26 ,XJ , 04354 ,  769  , 5 50 36.36 3 31 6.46 , 0 0 0.03   0 0 0.43 , 21.731
1998 HH49 ,XJ , 06744 ,  712  , 11 9 44.89 9 23 14.21 , 0 0 0.13   0 0 1.92 , 22.447
1998 HH49 ,XJ , 06745 ,  712  , 11 9 42.1 9 23 15.25 , 0 0 0.13   0 0 1.91 , 22.448
1998 HH49 ,XJ , 06790 ,  711  , 10 41 10.32 8 15 25.7 , 0 0 0.08   0 0 1.18 , 22.74
1998 HH49 ,XJ , 06791 ,  711  , 10 41 9.31 8 15 17.53 , 0 0 0.08   0 0 1.18 , 22.74
1998 HH49 ,XN , 07067 ,  490  , 6 42 21.54 26 59 31.85 , 0 0 0.09   0 0 1.38 , 21.077
2000 GV147 ,XF , 04315 ,  554  , 5 38 1.39 21 0 19.01 , 0 0 0.04   0 0 0.58 , 22.712
2000 GV147 ,XJ , 04411 ,  483  , 3 51 20.15 23 40 54.01 , 0 0 0.04   0 0 0.56 , 23.491
2000 GV147 ,XJ , 04412 ,  483  , 3 51 20.15 23 40 55.6 , 0 0 0.04   0 0 0.56 , 23.491
2000 GV147 ,XJ , 05102 ,  441  , 12 16 5.82 27 37 19.96 , 0 0 0.1   0 0 1.45 , 19.512
2000 GV147 ,XJ , 05109 ,  441  , 12 13 56.68 27 41 31.67 , 0 0 0.1   0 0 1.44 , 19.508
2000 GV147 ,XJ , 07281 ,  364  , 6 13 22.48 32 54 46.4 , 0 0 0.03   0 0 0.45 , 23.947
2000 GV147 ,XJ , 07282 ,  364  , 6 13 22.8 32 54 44.06 , 0 0 0.03   0 0 0.45 , 23.947
2000 GV147 ,XJ , 07295 ,  364  , 6 14 3.18 32 50 31.06 , 0 0 0.03   0 0 0.44 , 23.976
2003 MH4 ,XJ , 00315 ,  549  , 3 57 21.14 21 35 39.08 , 0 0 0.02   0 0 0.26 , 23.851
2011 WN15 ,XJ , 01635 ,  257  , 7 36 5.63 46 23 11.65 , 0 0 0.04   0 0 0.56 , 21.758
2011 WN15 ,XF , 03812 ,  161  , 6 18 7.56 57 42 23.36 , 0 0 0.04   0 0 0.56 , 23.234
2011 WN15 ,XJ , 05660 ,  130  , 11 54 2.97 60 36 19.48 , 0 0 0.07   0 0 1.0 , 22.096
2011 WN15 ,XJ , 05667 ,  130  , 11 54 19.46 61 22 0.3 , 0 0 0.07   0 0 1.01 , 22.066
1999 RM45 ,XJ , 05579 ,  764  , 4 25 41.62 4 44 53.84 , 0 0 0.01   0 0 0.21 , 23.594
2018 JA ,XJ , 05549 ,  426  , 6 36 19.24 27 8 22.34 , 0 0 0.06   0 0 0.87 , 23.497
2018 JA ,XJ , 05550 ,  426  , 6 36 19.61 27 8 47.47 , 0 0 0.06   0 0 0.87 , 23.497
2018 JA ,XJ , 05620 ,  203  , 5 5 33.79 47 3 30.49 , 0 0 0.09   0 0 1.4 , 22.365
2000 WO107 ,XN , 06067 ,  494  , 7 51 12.75 26 53 26.2 , 0 0 0.01   0 0 0.13 , 19.855
2011 LT17 ,XN , 07194 ,  172  , 12 31 42.18 57 11 3.95 , 0 0 0.16   0 0 2.36 , 22.137
2011 LT17 ,XJ , 07251 ,   63  , 10 51 12.24 66 57 49.75 , 0 0 0.14   0 0 2.07 , 22.68
2013 LM31 ,XN , 03061 ,  485  , 4 39 14.18 22 6 9.94 , 0 6 40.55   1 40 8.32 , 22.341
1947 XC ,XN , 06474 ,  549  , 3 58 0.53 18 5 5.5 , 0 0 0.01   0 0 0.08 , 18.798
1947 XC ,XN , 06579 ,  616  , 3 11 30.68 15 13 27.59 , 0 0 0.01   0 0 0.16 , 15.892
2018 BP ,XF , 03851 ,  785  , 11 25 0.62 2 27 32.54 , 0 0 0.1   0 0 1.56 , 21.859
2006 HQ30 ,XF , 02297 ,  574  , 12 37 21.96 19 14 17.09 , 0 7 41.39   1 55 20.92 , 23.752
1998 VD35 ,XF , 03553 ,  612  , 1 27 27.48 17 2 18.71 , 0 0 0.06   0 0 0.86 , 23.223
1998 VD35 ,XF , 03608 ,  681  , 0 49 27.82 12 40 24.35 , 0 0 0.06   0 0 0.95 , 22.216
1998 VD35 ,XJ , 04942 ,  753  , 0 31 44.59 6 45 45.94 , 0 0 0.05   0 0 0.72 , 22.439
1998 VD35 ,XJ , 04944 ,  753  , 0 30 51.72 6 33 18.86 , 0 0 0.05   0 0 0.7 , 22.458
1998 QA1 ,XJ , 04865 ,  413  , 1 36 40.69 28 17 23.57 , 0 0 0.07   0 0 1.04 , 20.732
1998 QA1 ,XJ , 04893 ,  413  , 1 27 59.34 27 35 13.81 , 0 0 0.07   0 0 1.05 , 20.71
1998 QA1 ,XN , 05595 ,  491  , 6 50 2.76 27 52 29.14 , 0 0 0.04   0 0 0.57 , 23.848
1998 QA1 ,XF , 06402 ,  476  , 1 16 54.46 26 48 36.61 , 0 0 0.05   0 0 0.78 , 19.791
1998 QA1 ,XN , 06442 ,  474  , 0 41 26.99 25 41 53.23 , 0 0 0.06   0 0 0.91 , 19.749
2002 QW47 ,XJ , 03776 ,  788  , 12 12 22.62 3 26 36.89 , 0 0 0.13   0 0 1.96 , 22.735
2018 DA1 ,XJ , 03115 ,  377  , 10 58 38.06 36 10 45.52 , 0 0 0.06   0 0 0.88 , 20.491
1989 FC ,XF , 02376 ,  643  , 12 3 48.25 15 28 50.09 , 0 0 0.11   0 0 1.64 , 17.196
2008 TC4 ,XJ , 02183 ,  410  , 0 22 49.43 29 8 48.55 , 0 0 0.1   0 0 1.49 , 18.737
2004 UE ,XF , 04154 ,  671  , 21 25 45.25 13 30 38.77 , 0 1 11.39   0 17 50.78 , 23.913
2007 LF ,XF , 03566 ,  542  , 1 12 45.02 17 10 44.26 , 0 0 0.05   0 0 0.72 , 23.664
2007 LF ,XJ , 06551 ,  557  , 6 27 52.62 21 10 0.66 , 0 0 0.05   0 0 0.72 , 23.991
1973 EA ,XJ , 01613 ,  533  , 22 22 39.54 23 35 38.15 , 0 0 0.01   0 0 0.16 , 18.219
2002 JZ8 ,XF , 05192 ,  806  , 18 27 48.63 3 4 9.3 , 0 0 0.2   0 0 3.08 , 21.083
2009 BE58 ,XF , 00933 ,  628  , 7 8 38.43 17 35 48.05 , 0 0 0.03   0 0 0.45 , 22.337
2009 BE58 ,XF , 07138 ,  628  , 6 50 13.88 17 50 8.95 , 0 0 0.04   0 0 0.6 , 22.136
2001 PM9 ,XF , 04172 ,  476  , 1 40 23.35 22 0 43.45 , 0 0 0.01   0 0 0.19 , 22.402
2001 PM9 ,XN , 04343 ,  608  , 0 20 49.52 13 22 9.41 , 0 0 0.02   0 0 0.24 , 22.036
2016 LN1 ,XF , 02859 ,  367  , 7 17 34.67 34 53 23.35 , 0 0 0.31   0 0 4.71 , 21.448
1999 XL136 ,XN , 05384 ,  749  , 23 27 11.49 10 35 38.83 , 0 0 0.02   0 0 0.3 , 23.688
2003 WH166 ,XJ , 06551 ,  557  , 6 32 37.16 22 5 0.24 , 0 0 0.05   0 0 0.77 , 23.443
2003 QO104 ,XJ , 03035 ,  308  , 6 29 43.17 37 25 46.27 , 0 0 0.02   0 0 0.23 , 19.549
2003 QO104 ,XF , 04268 ,  617  , 3 17 56.57 12 36 51.3 , 0 0 0.01   0 0 0.14 , 20.76
2003 QO104 ,XJ , 04272 ,  617  , 3 17 8.38 12 34 39.54 , 0 0 0.01   0 0 0.14 , 20.743
2003 QO104 ,XJ , 04294 ,  688  , 3 10 50.69 12 17 32.75 , 0 0 0.01   0 0 0.14 , 20.624
2003 QO104 ,XJ , 04303 ,  689  , 3 8 50.57 12 12 8.57 , 0 0 0.01   0 0 0.15 , 20.588
2003 QO104 ,XJ , 04306 ,  616  , 3 7 50.25 12 9 26.14 , 0 0 0.01   0 0 0.15 , 20.57
2003 QO104 ,XJ , 04318 ,  688  , 3 4 38.21 12 0 51.23 , 0 0 0.01   0 0 0.15 , 20.515
2003 QO104 ,XN , 06521 ,  426  , 6 29 0.9 28 16 23.59 , 0 0 0.01   0 0 0.1 , 21.453
2003 QO104 ,XJ , 06651 ,  422  , 5 5 7.42 32 3 43.6 , 0 0 0.01   0 0 0.13 , 20.514
2018 BM3 ,XN , 03110 ,  514  , 15 12 36.55 25 13 38.06 , 0 5 1.16   1 15 17.4 , 23.823
2018 BM3 ,XJ , 03111 ,  513  , 15 12 33.13 25 17 46.43 , 0 5 1.79   1 15 26.78 , 23.819
2017 RV ,XN , 02960 ,  544  , 1 59 19.77 18 47 19.46 , 0 0 0.09   0 0 1.34 , 23.721
2008 XM ,XJ , 04396 ,  553  , 5 2 37.91 18 12 30.13 , 0 0 0.02   0 0 0.27 , 23.365
2008 XM ,XJ , 04427 ,  551  , 4 36 10.15 17 49 32.63 , 0 0 0.01   0 0 0.22 , 23.807
2008 XM ,XJ , 04428 ,  551  , 4 36 6.9 17 49 30.68 , 0 0 0.01   0 0 0.22 , 23.808
2008 XM ,XJ , 06643 ,  552  , 4 53 0.99 18 17 9.56 , 0 0 0.02   0 0 0.23 , 23.502
2021 DM2 ,XN , 02430 ,  456  , 18 5 56.28 32 27 20.34 , 0 7 46.76   1 56 41.47 , 22.028
2021 DM2 ,XJ , 02485 ,  333  , 17 10 45.44 38 21 59.33 , 0 10 29.26   2 37 18.83 , 21.27
2021 DM2 ,XJ , 02502 ,  332  , 17 3 5.63 37 38 49.24 , 0 10 37.02   2 39 15.25 , 21.198
2021 DM2 ,XJ , 02557 ,  391  , 16 46 54.31 34 50 26.45 , 0 10 41.22   2 40 18.3 , 21.037
2002 AW ,XF , 03846 ,  635  , 9 13 50.94 16 3 56.59 , 0 0 0.04   0 0 0.53 , 18.338
2010 JU39 ,XN , 02430 ,  456  , 18 0 55.32 30 30 0.76 , 0 0 0.06   0 0 0.9 , 20.368
2010 JU39 ,XN , 06207 ,  101  , 16 41 1.17 63 22 9.84 , 0 0 0.04   0 0 0.58 , 21.475
2010 JU39 ,XJ , 06219 ,  134  , 14 29 25.97 57 18 25.42 , 0 0 0.03   0 0 0.48 , 21.6
2010 JU39 ,XN , 06834 ,  388  , 15 40 45.9 35 40 32.38 , 0 0 0.03   0 0 0.5 , 20.609
2019 OR1 ,XJ , 02608 ,  189  , 22 7 40.72 54 32 31.49 , 0 0 2.03   0 0 30.5 , 21.631
2019 OR1 ,XN , 02618 ,  188  , 21 45 18.88 53 34 27.62 , 0 0 2.12   0 0 31.85 , 21.582
2019 OR1 ,XJ , 02638 ,  236  , 21 11 38.64 50 8 16.58 , 0 0 2.21   0 0 33.15 , 21.524
2019 OR1 ,XF , 03506 ,  194  , 0 26 25.81 52 25 29.06 , 0 0 1.7   0 0 25.51 , 22.035
2012 GV17 ,XJ , 01635 ,  257  , 7 30 44.61 42 53 29.9 , 0 0 0.98   0 0 14.69 , 23.518
2012 GV17 ,XN , 06182 ,  711  , 10 44 17.5 12 27 25.49 , 0 0 0.32   0 0 4.87 , 23.874
2001 SG286 ,XF , 03672 ,  490  , 6 26 33.34 23 15 37.48 , 0 0 0.01   0 0 0.21 , 22.593
2002 JE9 ,XJ , 01995 ,  675  , 22 35 49.36 15 48 0.32 , 0 0 0.07   0 0 1.1 , 22.164
2011 UG20 ,XJ , 05350 ,  537  , 23 45 43.32 24 52 22.62 , 0 0 0.12   0 0 1.73 , 23.912
2011 UG20 ,XJ , 05360 ,  537  , 23 43 5.46 24 54 42.62 , 0 0 0.12   0 0 1.76 , 23.834
2011 UG20 ,XJ , 05398 ,  536  , 23 30 20.78 24 42 10.48 , 0 0 0.13   0 0 1.89 , 23.514
2011 UG20 ,XN , 05932 ,  532  , 22 2 50.2 22 41 31.67 , 0 0 0.19   0 0 2.88 , 23.823
2011 UG20 ,XN , 06298 ,  462  , 20 8 50.66 30 9 59.58 , 0 0 0.37   0 0 5.49 , 22.694
2003 RM10 ,XJ , 02183 ,  410  , 0 33 23.27 28 59 9.24 , 0 0 0.11   0 0 1.71 , 20.51
2003 RM10 ,XJ , 05479 ,  473  , 0 8 50.94 26 22 1.42 , 0 0 0.1   0 0 1.47 , 19.314
2005 SQ ,XJ , 02207 ,  683  , 1 26 50.03 11 41 40.85 , 0 0 0.05   0 0 0.77 , 21.306
2001 GQ2 ,XJ , 03025 ,  266  , 11 30 49.89 44 33 22.9 , 0 0 0.03   0 0 0.49 , 22.817
2001 GQ2 ,XJ , 03143 ,  259  , 8 31 59.18 45 36 58.1 , 0 0 0.02   0 0 0.34 , 23.351
1998 KJ9 ,XF , 03024 ,  436  , 10 7 37.87 29 49 27.77 , 0 0 0.27   0 0 4.09 , 14.105
1998 KJ9 ,XJ , 03035 ,  308  , 6 40 51.99 38 29 41.75 , 0 0 0.08   0 0 1.16 , 18.284
1993 EA ,XF , 01116 ,  497  , 9 18 42.71 23 26 56.4 , 0 0 0.01   0 0 0.11 , 19.64
2005 UL5 ,XJ , 07041 ,  624  , 5 44 38.07 13 16 54.44 , 0 0 0.01   0 0 0.15 , 22.139
2002 AJ129 ,XJ , 03109 ,  643  , 12 6 59.87 17 24 20.45 , 0 0 0.01   0 0 0.12 , 21.805
2002 AJ129 ,XF , 03870 ,  499  , 9 50 57.0 22 37 52.79 , 0 0 0.01   0 0 0.08 , 22.832
1988 TA ,XJ , 02184 ,  683  , 1 29 50.1 8 52 59.41 , 0 0 0.11   0 0 1.66 , 15.536
2002 QF15 ,XF , 04209 ,  107  , 21 2 33.65 62 1 32.48 , 0 0 0.01   0 0 0.12 , 17.322
2002 QF15 ,XF , 05252 ,  395  , 18 30 17.99 34 37 11.86 , 0 0 0.01   0 0 0.11 , 16.858
2002 QF15 ,XF , 05354 ,  519  , 17 21 33.36 26 0 3.74 , 0 0 0.0   0 0 0.06 , 18.121
2008 LV16 ,XJ , 03748 ,  781  , 9 52 39.26 5 13 43.46 , 0 0 0.01   0 0 0.16 , 23.835
2008 LV16 ,XF , 03798 ,  779  , 9 22 59.87 7 23 4.56 , 0 0 0.01   0 0 0.18 , 23.538
2011 GN44 ,XJ , 03116 ,  381  , 12 47 16.74 34 35 56.0 , 0 0 0.06   0 0 0.83 , 23.828
2007 TB23 ,XN , 03594 ,  764  , 4 11 19.88 2 48 13.68 , 0 0 0.04   0 0 0.6 , 20.176
2017 NR6 ,XJ , 00373 ,  568  , 10 19 40.77 19 45 31.14 , 0 0 3.41   0 0 51.22 , 21.259
1997 US2 ,XF , 00744 ,  757  , 1 50 55.52 7 13 13.48 , 0 0 0.02   0 0 0.24 , 23.584
2005 GC120 ,XJ , 04468 ,  581  , 15 9 53.11 19 44 10.75 , 0 0 0.04   0 0 0.61 , 20.72
2016 EZ157 ,XF , 00754 ,  530  , 21 16 11.83 24 59 11.83 , 0 0 5.21   0 1 18.14 , 18.551
2016 EZ157 ,XN , 06399 ,  417  , 3 14 24.85 30 50 2.18 , 0 0 0.18   0 0 2.67 , 23.055
2008 DE ,XJ , 05527 ,  486  , 5 9 45.28 24 33 34.16 , 0 0 0.01   0 0 0.21 , 23.615
2008 DE ,XJ , 05546 ,  486  , 5 7 34.17 24 51 37.98 , 0 0 0.01   0 0 0.21 , 23.514
2008 DE ,XF , 05612 ,  483  , 4 1 40.9 27 9 13.68 , 0 0 0.02   0 0 0.26 , 22.709
2016 EU85 ,XF , 03851 ,  785  , 11 26 36.61 4 7 35.51 , 0 0 0.11   0 0 1.62 , 22.475
2006 BC10 ,XF , 02246 ,  709  , 10 8 36.33 12 48 33.55 , 0 0 0.04   0 0 0.56 , 23.003
2006 BC10 ,XF , 02331 ,  562  , 8 33 23.14 21 38 52.73 , 0 0 0.11   0 0 1.72 , 18.475
2006 BC10 ,XJ , 04887 ,  548  , 3 19 1.95 18 42 9.11 , 0 0 0.02   0 0 0.26 , 23.02
2006 BC10 ,XN , 04917 ,  546  , 2 58 32.15 17 25 33.38 , 0 0 0.02   0 0 0.3 , 22.799
2006 BC10 ,XN , 06474 ,  549  , 4 3 20.41 21 13 44.08 , 0 0 0.01   0 0 0.19 , 23.938
2006 BC10 ,XN , 06574 ,  547  , 3 7 57.67 18 19 15.46 , 0 0 0.02   0 0 0.25 , 23.227
2007 AE12 ,XN , 05675 ,  632  , 8 8 1.73 16 45 13.14 , 0 0 0.02   0 0 0.28 , 22.756
2007 AE12 ,XJ , 06661 ,  556  , 6 26 34.61 20 29 26.81 , 0 0 0.02   0 0 0.28 , 22.625
2008 YU32 ,XJ , 04396 ,  553  , 5 9 13.86 18 19 6.92 , 0 0 0.06   0 0 0.89 , 22.191
2008 YU32 ,XJ , 05632 ,  558  , 6 49 52.82 17 43 43.14 , 0 0 0.04   0 0 0.64 , 21.854
1989 UP ,XF , 03050 ,  572  , 11 48 29.06 18 39 16.2 , 0 0 0.02   0 0 0.29 , 19.72
1989 AC ,XF , 07263 ,  561  , 8 5 1.01 20 36 1.58 , 0 0 0.0   0 0 0.0 , 17.382
2011 GA ,XN , 06031 ,  696  , 5 39 57.04 8 57 44.46 , 0 0 0.34   0 0 5.04 , 21.01
2011 CT4 ,XJ , 05064 ,  783  , 10 33 56.97 5 49 0.48 , 0 0 0.02   0 0 0.3 , 23.832
1999 YR14 ,XJ , 06691 ,  710  , 10 28 1.2 11 44 57.41 , 0 0 0.01   0 0 0.15 , 22.226
1999 YR14 ,XN , 06749 ,  709  , 10 9 18.6 12 19 41.99 , 0 0 0.01   0 0 0.11 , 23.271
2012 HG31 ,XF , 03759 ,  626  , 6 26 14.94 12 28 3.43 , 0 0 0.09   0 0 1.3 , 22.909
2012 HG31 ,XJ , 05614 ,  768  , 5 30 42.9 5 45 57.85 , 0 0 0.3   0 0 4.47 , 21.41
2020 FM6 ,XJ , 01733 ,  439  , 11 35 7.34 29 55 32.63 , 0 13 57.95   3 29 29.27 , 23.054
2017 MC4 ,XJ , 03938 ,  717  , 12 35 15.62 11 33 41.87 , 0 0 0.72   0 0 10.85 , 23.952
2017 CH1 ,XF , 03650 ,  692  , 4 21 50.04 9 10 48.4 , 0 0 0.89   0 0 13.36 , 23.519
2005 YS8 ,XJ , 06764 ,  719  , 13 27 33.76 8 16 50.45 , 0 27 50.62   6 57 39.3 , 23.009
2005 YS8 ,XJ , 06768 ,  719  , 13 24 25.0 8 21 15.08 , 0 27 34.83   6 53 42.5 , 23.031
2002 LV ,XF , 03984 ,  446  , 14 11 23.69 30 11 51.86 , 0 0 0.01   0 0 0.15 , 21.201
2002 LV ,XJ , 05037 ,  435  , 9 57 30.79 27 30 37.04 , 0 0 0.01   0 0 0.15 , 21.781
2002 LV ,XJ , 05038 ,  435  , 9 57 27.12 27 31 0.34 , 0 0 0.01   0 0 0.15 , 21.783
2017 GM7 ,XF , 02240 ,  428  , 7 28 54.84 30 31 47.32 , 0 0 1.58   0 0 23.64 , 23.749
2002 DU3 ,XF , 03782 ,  506  , 12 18 32.23 26 29 41.57 , 0 0 0.04   0 0 0.67 , 20.056
2002 DU3 ,XF , 04281 ,  418  , 3 24 24.48 32 12 14.0 , 0 0 0.05   0 0 0.71 , 20.694
2002 DU3 ,XN , 07035 ,  423  , 5 34 0.97 31 19 31.19 , 0 0 0.01   0 0 0.22 , 22.914
2002 DU3 ,XF , 07079 ,  365  , 6 11 20.37 35 37 47.64 , 0 0 0.02   0 0 0.27 , 22.49
2005 NB7 ,XF , 00918 ,  756  , 1 36 41.75 6 7 16.39 , 0 0 0.02   0 0 0.28 , 22.636
2010 DW1 ,XJ , 04105 ,  455  , 17 48 35.9 27 45 26.75 , 0 0 0.06   0 0 0.89 , 20.574
2010 DW1 ,XJ , 06275 ,  272  , 14 15 9.95 43 13 41.02 , 0 0 0.04   0 0 0.61 , 21.254
2000 EJ26 ,XF , 01116 ,  497  , 9 11 24.6 24 18 39.85 , 0 0 0.03   0 0 0.5 , 19.458
2000 EJ26 ,XN , 06565 ,  308  , 6 45 40.23 41 17 24.58 , 0 0 0.04   0 0 0.6 , 20.715
1998 FW4 ,XJ , 05691 ,  433  , 8 58 18.03 30 42 57.71 , 0 0 0.16   0 0 2.39 , 16.855
1998 FW4 ,XF , 05708 ,  566  , 9 44 54.32 21 4 0.12 , 0 0 0.1   0 0 1.5 , 17.682
2008 PF1 ,XN , 05146 ,  714  , 11 39 16.15 7 50 31.2 , 0 0 0.05   0 0 0.78 , 23.964
2014 QK434 ,XF , 01374 ,  815  , 21 18 59.6 4 9 0.83 , 0 0 1.5   0 0 22.53 , 18.955
2014 QK434 ,XJ , 01380 ,  815  , 21 17 12.57 4 13 25.68 , 0 0 1.52   0 0 22.74 , 18.933
2017 VR12 ,XN , 07023 ,  420  , 4 4 1.83 30 11 47.62 , 0 0 0.03   0 0 0.51 , 23.218
2017 VR12 ,XN , 07119 ,  251  , 4 52 44.1 46 10 57.18 , 0 0 0.08   0 0 1.25 , 21.2
2015 RP82 ,XN , 04809 ,  680  , 0 15 21.03 10 0 7.38 , 0 0 0.17   0 0 2.62 , 23.172
2016 HL ,XF , 05395 ,  821  , 23 10 2.21 4 5 3.8 , 0 0 0.02   0 0 0.37 , 22.7
2016 GD135 ,XF , 06014 ,  484  , 4 25 14.34 25 49 37.13 , 0 0 1.21   0 0 18.17 , 23.069
2016 GD135 ,XN , 06025 ,  483  , 3 59 46.75 22 48 3.89 , 0 0 1.47   0 0 22.12 , 22.869
2017 HT2 ,XJ , 05175 ,  580  , 14 45 23.64 19 12 25.27 , 0 0 7.01   0 1 45.2 , 19.612
2017 HT2 ,XJ , 05190 ,  580  , 14 34 14.06 19 33 58.14 , 0 0 6.9   0 1 43.52 , 19.553
2000 RS11 ,XJ , 01951 ,  587  , 17 4 53.2 18 29 54.17 , 0 0 0.02   0 0 0.33 , 20.5
2017 SV20 ,XJ , 04957 ,  706  , 9 7 5.49 7 8 29.18 , 0 0 0.09   0 0 1.37 , 20.984
2006 CU ,XJ , 06188 ,  713  , 11 27 19.19 8 14 56.8 , 0 0 0.07   0 0 0.98 , 23.907
2003 YG118 ,XJ , 02186 ,  480  , 2 49 56.74 24 57 12.06 , 0 0 0.01   0 0 0.17 , 22.858
2003 YG118 ,XJ , 04293 ,  612  , 1 31 52.55 16 57 58.97 , 0 0 0.01   0 0 0.17 , 22.198
2003 YG118 ,XJ , 04310 ,  612  , 1 27 45.33 16 38 19.68 , 0 0 0.01   0 0 0.17 , 22.154
2003 YG118 ,XJ , 04867 ,  420  , 4 26 34.42 30 48 46.66 , 0 0 0.01   0 0 0.16 , 23.005
2003 YG118 ,XJ , 04873 ,  421  , 4 26 19.05 30 51 15.01 , 0 0 0.01   0 0 0.16 , 22.987
2003 YG118 ,XJ , 04903 ,  421  , 4 24 41.64 31 2 30.48 , 0 0 0.01   0 0 0.16 , 22.895
2003 YG118 ,XJ , 04907 ,  420  , 4 24 17.6 31 4 35.26 , 0 0 0.01   0 0 0.16 , 22.876
2003 YG118 ,XN , 05954 ,  681  , 0 50 42.44 8 20 1.97 , 0 0 0.01   0 0 0.15 , 21.352
2003 YG118 ,XJ , 07111 ,  367  , 7 4 36.2 32 36 58.0 , 0 0 0.01   0 0 0.16 , 21.836
2014 HK129 ,XF , 05757 ,  799  , 15 50 28.66 3 53 54.35 , 0 0 21.57   0 5 23.57 , 19.829
2007 LQ19 ,XJ , 00936 ,  769  , 6 2 42.78 4 0 13.72 , 0 0 0.08   0 0 1.19 , 20.067
2007 LQ19 ,XJ , 05037 ,  435  , 9 51 59.19 27 19 39.25 , 0 0 0.02   0 0 0.37 , 23.277
2007 LQ19 ,XJ , 05038 ,  435  , 9 51 55.99 27 19 52.0 , 0 0 0.02   0 0 0.37 , 23.278
2007 LQ19 ,XJ , 05661 ,  720  , 13 30 52.82 9 27 58.28 , 0 0 0.04   0 0 0.55 , 22.633
2007 LQ19 ,XJ , 05668 ,  720  , 13 31 32.23 9 31 23.3 , 0 0 0.04   0 0 0.55 , 22.613
2007 LQ19 ,XJ , 06600 ,  561  , 8 12 0.37 18 57 19.4 , 0 0 0.02   0 0 0.34 , 22.782
2015 CV13 ,XJ , 00937 ,  774  , 7 37 29.67 7 44 56.87 , 0 0 0.13   0 0 2.01 , 23.289
2009 KC3 ,XF , 00961 ,  355  , 2 28 32.54 35 21 8.21 , 0 0 0.79   0 0 11.92 , 20.036
2009 KC3 ,XF , 03851 ,  785  , 11 13 34.65 2 14 25.01 , 0 0 0.09   0 0 1.29 , 23.548
2004 MD6 ,XF , 05427 ,  522  , 18 14 11.2 22 13 36.52 , 0 0 0.04   0 0 0.65 , 22.615
2004 MD6 ,XN , 05896 ,  404  , 22 1 37.13 35 13 25.97 , 0 0 0.06   0 0 0.92 , 22.337
2017 WV13 ,XJ , 05399 ,  472  , 23 48 6.4 24 22 52.46 , 0 0 0.09   0 0 1.32 , 23.499
1990 OS ,XF , 03842 ,  559  , 7 28 53.6 22 50 9.2 , 0 0 0.01   0 0 0.09 , 22.195
2018 HL2 ,XN , 03594 ,  764  , 4 25 10.56 5 50 10.07 , 0 0 3.32   0 0 49.84 , 23.236
2018 HL2 ,XF , 03686 ,  615  , 2 47 0.22 16 45 11.45 , 0 0 3.55   0 0 53.25 , 22.41
2004 HK33 ,XJ , 04396 ,  553  , 5 7 55.94 21 7 48.47 , 0 0 0.04   0 0 0.63 , 20.116
2004 HK33 ,XF , 05059 ,  639  , 10 46 42.4 15 44 27.78 , 0 0 0.02   0 0 0.3 , 21.372
2004 HK33 ,XJ , 05101 ,  638  , 10 26 56.88 17 8 36.06 , 0 0 0.02   0 0 0.26 , 21.782
2004 HK33 ,XJ , 05114 ,  638  , 10 25 54.26 17 10 47.68 , 0 0 0.02   0 0 0.26 , 21.814
2004 HK33 ,XN , 06099 ,  562  , 8 28 41.52 22 29 37.75 , 0 0 0.02   0 0 0.32 , 21.137
2020 DR2 ,XJ , 01926 ,  740  , 20 22 46.57 8 33 39.78 , 0 2 41.64   0 40 24.62 , 22.358
2020 DR2 ,XJ , 01942 ,  740  , 20 19 45.68 9 19 51.71 , 0 2 53.47   0 43 22.07 , 22.134
2020 DR2 ,XJ , 05148 ,  795  , 14 39 52.89 6 31 44.47 , 0 0 58.93   0 14 43.91 , 23.693
2020 DR2 ,XJ , 05149 ,  795  , 14 39 50.7 6 31 57.9 , 0 0 58.93   0 14 43.96 , 23.693
2020 DR2 ,XN , 06712 ,  717  , 12 48 3.18 8 4 39.14 , 0 3 9.45   0 47 21.76 , 20.981
2019 BC1 ,XF , 01108 ,  510  , 14 1 49.56 26 35 3.73 , 0 0 0.04   0 0 0.67 , 22.301
2019 BC1 ,XF , 03945 ,  508  , 13 10 43.64 22 39 40.64 , 0 0 0.03   0 0 0.45 , 23.87
2019 BC1 ,XN , 03957 ,  575  , 13 9 38.58 22 5 34.37 , 0 0 0.03   0 0 0.44 , 23.972
2004 HW ,XJ , 03063 ,  563  , 8 41 1.2 17 2 32.28 , 0 0 0.02   0 0 0.33 , 22.12
2004 HW ,XF , 04290 ,  549  , 3 55 24.54 20 27 43.24 , 0 0 0.02   0 0 0.37 , 20.977
2004 HW ,XJ , 04377 ,  615  , 2 51 38.49 16 18 53.46 , 0 0 0.03   0 0 0.4 , 21.425
2004 HW ,XJ , 04387 ,  615  , 2 47 26.1 15 59 13.24 , 0 0 0.03   0 0 0.39 , 21.624
2004 HW ,XF , 05601 ,  562  , 8 23 23.82 18 20 26.52 , 0 0 0.02   0 0 0.23 , 23.544
2004 HW ,XJ , 07084 ,  555  , 6 0 4.8 22 59 28.14 , 0 0 0.01   0 0 0.16 , 23.369
2004 HW ,XJ , 07115 ,  488  , 5 52 49.89 22 54 20.63 , 0 0 0.01   0 0 0.18 , 23.137
2004 HW ,XJ , 07116 ,  555  , 5 52 49.45 22 54 20.38 , 0 0 0.01   0 0 0.18 , 23.137
2004 DC ,XN , 06035 ,  763  , 4 3 5.35 6 7 2.86 , 0 0 0.03   0 0 0.5 , 21.4
2014 QL433 ,XJ , 01389 ,  611  , 1 12 25.3 12 2 2.54 , 0 0 0.01   0 0 0.18 , 23.195
2014 QL433 ,XJ , 06594 ,  493  , 7 43 56.82 27 18 10.87 , 0 0 0.05   0 0 0.73 , 22.901
2014 QL433 ,XJ , 06607 ,  429  , 7 44 30.29 27 39 50.11 , 0 0 0.05   0 0 0.81 , 22.483
2014 QL433 ,XJ , 06608 ,  429  , 7 44 29.96 27 39 56.66 , 0 0 0.05   0 0 0.81 , 22.481
1977 HA ,XJ , 03396 ,  602  , 22 11 50.07 18 17 36.1 , 0 0 0.08   0 0 1.24 , 21.568
1977 HA ,XJ , 04813 ,  814  , 20 49 19.97 6 33 32.58 , 0 0 0.11   0 0 1.67 , 21.118
1998 ST27 ,XF , 04762 ,  285  , 20 22 47.8 42 32 38.36 , 0 0 0.02   0 0 0.23 , 19.518
2007 SQ6 ,XF , 04630 ,  582  , 15 29 29.36 21 54 3.92 , 0 0 17.33   0 4 19.93 , 21.404
2009 ST19 ,XJ , 06601 ,  565  , 9 26 35.7 22 33 22.97 , 0 0 0.02   0 0 0.3 , 23.529
2009 ST19 ,XJ , 06602 ,  565  , 9 26 35.47 22 33 29.92 , 0 0 0.02   0 0 0.3 , 23.528
2009 ST19 ,XJ , 06609 ,  498  , 9 26 31.69 22 35 42.72 , 0 0 0.02   0 0 0.3 , 23.518
2009 ST19 ,XJ , 06624 ,  497  , 9 19 22.65 23 42 13.1 , 0 0 0.02   0 0 0.34 , 23.287
2009 ST19 ,XJ , 06625 ,  497  , 9 19 20.19 23 42 28.87 , 0 0 0.02   0 0 0.34 , 23.286
2005 TU50 ,XJ , 06593 ,  306  , 5 47 1.3 41 51 26.6 , 0 0 0.05   0 0 0.78 , 23.866
2005 TU50 ,XJ , 06613 ,  252  , 5 20 49.47 42 33 59.69 , 0 0 0.06   0 0 0.83 , 23.753
2006 GB ,XF , 04595 ,  397  , 19 11 40.15 37 39 56.16 , 0 0 0.26   0 0 3.85 , 19.43
2006 GB ,XN , 04608 ,  281  , 18 53 52.69 43 50 56.29 , 0 0 0.28   0 0 4.27 , 19.351
2018 ED4 ,XJ , 02136 ,  353  , 1 33 46.68 35 21 26.39 , 0 1 22.85   0 20 42.74 , 22.769
2018 ED4 ,XJ , 02164 ,  353  , 1 27 21.09 35 7 42.17 , 0 1 26.08   0 21 31.25 , 22.743
2015 NU13 ,XF , 02373 ,  713  , 11 19 20.36 9 30 21.49 , 0 0 0.03   0 0 0.39 , 22.428
2013 LE16 ,XN , 04425 ,  212  , 9 40 0.05 52 15 29.16 , 0 0 0.1   0 0 1.57 , 23.593
2013 LE16 ,XJ , 05579 ,  764  , 4 25 18.64 4 37 11.71 , 0 0 0.12   0 0 1.8 , 22.973
2019 CE4 ,XF , 06135 ,  163  , 7 39 26.42 55 30 50.0 , 0 18 47.24   4 41 48.6 , 21.22
2014 KP84 ,XJ , 04541 ,  438  , 11 2 46.08 32 25 41.56 , 0 0 0.39   0 0 5.9 , 23.044
2000 MU1 ,XJ , 04419 ,  763  , 4 9 47.48 2 19 38.06 , 0 0 0.06   0 0 0.85 , 18.589
2002 AP3 ,XN , 06598 ,  551  , 4 45 6.94 18 21 2.74 , 0 0 0.05   0 0 0.78 , 22.429
2019 XQ3 ,XF , 04005 ,  176  , 14 50 32.49 55 33 14.87 , 0 0 59.38   0 14 50.69 , 21.763
2008 WZ13 ,XF , 04290 ,  549  , 3 45 9.35 17 52 23.92 , 0 0 0.04   0 0 0.52 , 22.363
2008 WZ13 ,XJ , 04377 ,  615  , 2 29 58.42 15 38 19.9 , 0 0 0.04   0 0 0.54 , 21.52
2010 RA147 ,XN , 04334 ,  679  , 0 2 8.01 9 30 13.79 , 0 0 0.78   0 0 11.76 , 18.586
2011 SV71 ,XF , 02321 ,  375  , 10 16 19.76 33 58 0.59 , 0 0 0.08   0 0 1.26 , 21.199
2000 SL10 ,XF , 01025 ,  634  , 8 55 57.79 14 19 11.82 , 0 2 31.01   0 37 45.1 , 23.908
2000 SL10 ,XJ , 04942 ,  753  , 0 51 41.1 4 34 41.02 , 0 4 49.57   1 12 23.57 , 22.457
2000 SL10 ,XN , 04970 ,  754  , 1 2 13.46 5 25 32.59 , 0 3 32.09   0 53 1.31 , 23.221
2000 SL10 ,XJ , 06109 ,  559  , 7 31 20.1 18 40 3.5 , 0 1 28.21   0 22 3.12 , 23.546
2000 GE2 ,XF , 02259 ,  486  , 4 57 42.82 26 48 32.8 , 0 0 0.03   0 0 0.45 , 22.654
2000 GE2 ,XJ , 07089 ,  489  , 6 5 21.67 26 38 5.42 , 0 0 0.02   0 0 0.29 , 23.072
2000 GE2 ,XJ , 07115 ,  488  , 5 48 31.41 27 17 44.59 , 0 0 0.02   0 0 0.37 , 22.78
2008 BT18 ,XF , 03731 ,  557  , 6 38 16.48 20 23 54.17 , 0 0 0.01   0 0 0.19 , 22.48
2008 BT18 ,XN , 07125 ,  622  , 4 56 47.02 15 26 22.06 , 0 0 0.01   0 0 0.12 , 23.571
2005 UK1 ,XN , 05386 ,  685  , 2 0 18.44 11 58 57.86 , 0 0 0.01   0 0 0.15 , 23.687
2002 XR14 ,XF , 02090 ,  684  , 1 41 18.4 7 49 36.3 , 0 0 0.09   0 0 1.35 , 23.172
2002 XR14 ,XF , 04276 ,  686  , 2 28 42.94 12 17 16.87 , 0 0 0.08   0 0 1.13 , 22.288
2002 XR14 ,XJ , 04348 ,  685  , 1 52 29.61 9 13 4.84 , 0 0 0.08   0 0 1.16 , 21.928
2002 XR14 ,XN , 06064 ,  549  , 3 39 41.41 18 34 58.94 , 0 0 0.04   0 0 0.55 , 19.916
2020 BW14 ,XF , 02321 ,  375  , 10 10 27.24 37 38 36.53 , 0 0 2.48   0 0 37.19 , 20.222
1998 HJ3 ,XN , 06587 ,  629  , 7 21 13.22 12 35 18.96 , 0 0 0.04   0 0 0.61 , 18.578
1998 HJ3 ,XJ , 06588 ,  629  , 7 20 41.65 12 35 14.96 , 0 0 0.04   0 0 0.61 , 18.578
1998 HJ3 ,XJ , 06618 ,  695  , 5 13 17.25 12 10 28.45 , 0 0 0.1   0 0 1.54 , 19.227
2007 YQ56 ,XN , 06997 ,   82  , 2 45 43.51 62 15 23.87 , 0 0 0.02   0 0 0.3 , 22.27
2010 CL19 ,XJ , 06093 ,  626  , 6 9 24.22 14 18 28.3 , 0 0 0.02   0 0 0.3 , 20.622
2007 HE15 ,XJ , 03748 ,  781  , 10 4 44.86 6 25 22.84 , 0 0 0.21   0 0 3.15 , 23.794
2007 HE15 ,XJ , 03772 ,  781  , 9 56 59.77 6 27 32.33 , 0 0 0.22   0 0 3.36 , 23.49
2007 HE15 ,XN , 03781 ,  781  , 9 55 59.72 6 28 29.64 , 0 0 0.23   0 0 3.38 , 23.456
2007 HE15 ,XJ , 07191 ,  632  , 8 14 12.22 17 56 38.94 , 0 0 0.1   0 0 1.46 , 23.864
2009 DL46 ,XF , 03643 ,  688  , 3 8 35.14 10 39 28.48 , 0 0 0.01   0 0 0.12 , 23.877
2000 EV70 ,XJ , 06744 ,  712  , 10 55 32.14 11 18 58.32 , 0 0 0.01   0 0 0.19 , 20.726
2000 EV70 ,XJ , 06745 ,  712  , 10 55 33.39 11 18 42.23 , 0 0 0.01   0 0 0.19 , 20.727
2002 UK11 ,XJ , 07041 ,  624  , 5 45 56.82 17 51 34.92 , 0 0 0.02   0 0 0.32 , 23.601
2004 TB10 ,XF , 02823 ,  251  , 4 54 23.77 43 48 26.64 , 0 0 0.21   0 0 3.15 , 21.246
2019 WL4 ,XF , 07211 ,  705  , 8 35 8.74 8 37 27.19 , 0 0 3.27   0 0 49.07 , 22.289
1990 UA ,XJ , 01004 ,  554  , 5 32 5.37 22 48 49.28 , 0 0 0.03   0 0 0.48 , 21.792
2011 UH20 ,XN , 04490 ,  214  , 10 31 51.57 50 5 13.92 , 0 0 0.59   0 0 8.87 , 18.836
2011 UH20 ,XJ , 04945 ,  051  , 0 52 24.79 67 36 36.5 , 0 0 0.2   0 0 3.02 , 22.403
1996 JG ,XF , 05059 ,  639  , 10 47 41.88 15 31 2.17 , 0 0 0.01   0 0 0.15 , 23.335
1996 JG ,XJ , 05101 ,  638  , 10 25 36.95 16 46 39.11 , 0 0 0.01   0 0 0.14 , 23.74
1996 JG ,XJ , 05114 ,  638  , 10 24 20.79 16 48 28.91 , 0 0 0.01   0 0 0.13 , 23.772
2016 CU193 ,XF , 03804 ,  782  , 10 8 8.15 5 0 43.34 , 0 0 1.6   0 0 23.97 , 21.228
2016 CU193 ,XF , 05396 ,  030  , 2 46 20.23 75 16 20.24 , 0 0 0.66   0 0 9.96 , 21.957
2014 ER49 ,XJ , 03141 ,  370  , 8 32 30.47 33 8 6.54 , 0 0 0.04   0 0 0.57 , 22.347
2014 ER49 ,XJ , 03144 ,  431  , 8 33 8.01 32 57 27.94 , 0 0 0.04   0 0 0.56 , 22.363
2014 ER49 ,XJ , 06105 ,  574  , 12 47 31.93 17 21 46.22 , 0 0 0.2   0 0 2.99 , 21.147
2014 ER49 ,XJ , 06218 ,  132  , 13 34 23.41 59 3 55.3 , 0 0 1.09   0 0 16.41 , 17.831
2000 CT101 ,XJ , 03336 ,  660  , 17 36 37.57 12 29 11.87 , 0 0 0.07   0 0 1.0 , 22.318
2000 CT101 ,XN , 05260 ,  662  , 18 32 7.85 12 15 33.55 , 0 0 0.06   0 0 0.97 , 22.093
2000 CT101 ,XF , 05284 ,  733  , 18 5 14.96 8 37 32.59 , 0 0 0.06   0 0 0.96 , 21.954
1994 CN2 ,XN , 06653 ,  999  , 10 47 25.08 9 55 19.74 , 0 0 0.01   0 0 0.22 , 19.379
1994 CN2 ,XF , 06654 ,  999  , 10 47 17.97 9 56 5.64 , 0 0 0.01   0 0 0.22 , 19.377
1994 CN2 ,XN , 06655 ,  999  , 10 43 17.31 10 22 33.17 , 0 0 0.01   0 0 0.22 , 19.289
1994 CN2 ,XN , 06660 ,  999  , 10 41 58.07 10 31 8.47 , 0 0 0.01   0 0 0.22 , 19.26
1994 CN2 ,XN , 06665 ,  999  , 10 28 17.9 11 56 27.28 , 0 0 0.01   0 0 0.22 , 18.953
2018 EJ4 ,XJ , 01018 ,  500  , 10 25 26.64 26 45 59.18 , 0 0 0.11   0 0 1.69 , 22.462
2018 EJ4 ,XJ , 01033 ,  436  , 10 28 43.22 28 3 31.54 , 0 0 0.12   0 0 1.81 , 22.306
2009 YG ,XF , 03638 ,  555  , 6 9 27.21 18 53 41.89 , 0 0 0.02   0 0 0.24 , 22.271
2009 YG ,XN , 04810 ,  757  , 1 58 28.94 7 52 27.59 , 0 0 0.01   0 0 0.17 , 24.0
2009 YG ,XN , 06542 ,  754  , 1 3 42.84 2 24 14.76 , 0 0 0.01   0 0 0.17 , 23.695
2013 FW13 ,XN , 05740 ,  218  , 12 29 45.27 51 45 55.73 , 0 0 0.28   0 0 4.15 , 21.211
2011 TX8 ,XJ , 04168 ,  610  , 0 48 44.75 14 49 29.6 , 0 0 0.08   0 0 1.14 , 23.378
2011 TX8 ,XJ , 04169 ,  610  , 0 48 39.59 14 49 20.03 , 0 0 0.08   0 0 1.14 , 23.374
2011 TX8 ,XF , 04211 ,  679  , 23 50 24.78 10 23 33.25 , 0 0 0.12   0 0 1.74 , 21.857
2001 WS1 ,XJ , 05691 ,  433  , 9 5 33.88 28 53 7.15 , 0 0 0.02   0 0 0.33 , 21.423
1999 NB5 ,XJ , 05608 ,  558  , 6 58 6.61 20 44 38.76 , 0 0 0.03   0 0 0.38 , 21.449
2018 FJ4 ,XN , 05565 ,  558  , 6 57 47.17 21 37 48.86 , 0 0 0.12   0 0 1.74 , 22.84
2012 TV78 ,XJ , 03593 ,  608  , 0 19 59.81 17 36 15.37 , 0 0 0.03   0 0 0.38 , 21.052
2011 EM51 ,XJ , 05632 ,  558  , 6 57 29.74 20 36 7.42 , 0 0 0.02   0 0 0.3 , 22.749
2003 MA3 ,XF , 03842 ,  559  , 7 28 18.62 21 49 38.75 , 0 0 0.08   0 0 1.2 , 21.77
1998 SF36 ,XF , 02884 ,  616  , 2 57 50.15 14 53 38.69 , 0 0 0.0   0 0 0.01 , 19.884
1998 SF36 ,XJ , 04900 ,  687  , 2 42 23.39 12 40 25.32 , 0 0 0.0   0 0 0.01 , 20.34
1998 SF36 ,XN , 04901 ,  687  , 2 42 21.64 12 40 17.87 , 0 0 0.0   0 0 0.01 , 20.34
1998 SF36 ,XN , 06542 ,  754  , 0 59 6.72 2 58 58.91 , 0 0 0.0   0 0 0.01 , 20.013
2011 YH28 ,XN , 06401 ,  819  , 22 42 49.98 5 15 50.54 , 0 1 13.11   0 18 16.59 , 23.363
1984 QA ,XF , 04207 ,  760  , 3 7 5.22 2 38 46.18 , 0 0 0.02   0 0 0.34 , 19.282
1984 QA ,XN , 07027 ,  691  , 4 11 48.25 7 10 40.73 , 0 0 0.02   0 0 0.23 , 20.219
2001 ME1 ,XF , 02361 ,  714  , 11 47 18.13 10 37 21.47 , 0 0 0.01   0 0 0.11 , 20.806
2005 GU ,XJ , 03814 ,  166  , 9 34 47.88 55 25 50.16 , 0 0 0.17   0 0 2.48 , 23.852
2000 DO1 ,XF , 02253 ,  424  , 5 32 7.96 29 11 35.3 , 0 0 0.02   0 0 0.29 , 22.838
2000 DO1 ,XJ , 05521 ,  426  , 6 18 24.85 29 2 13.02 , 0 0 0.02   0 0 0.24 , 22.827
2000 DO1 ,XF , 05528 ,  426  , 6 17 25.02 29 5 53.77 , 0 0 0.02   0 0 0.25 , 22.814
2001 OY13 ,XF , 00726 ,  410  , 0 30 52.23 27 15 5.26 , 0 0 0.05   0 0 0.73 , 22.232
2001 OY13 ,XF , 00782 ,  410  , 0 9 40.12 27 4 24.92 , 0 0 0.06   0 0 0.84 , 22.045
2001 OY13 ,XJ , 04768 ,  535  , 23 17 4.18 23 8 3.98 , 0 0 0.05   0 0 0.71 , 21.388
2003 XB22 ,XJ , 05616 ,  776  , 8 12 41.4 6 47 49.92 , 0 0 0.02   0 0 0.36 , 20.874
2008 RG1 ,XJ , 01529 ,  355  , 2 24 43.7 36 19 22.12 , 0 0 0.03   0 0 0.38 , 22.177
2008 RG1 ,XJ , 05014 ,  212  , 9 20 22.56 47 25 15.35 , 0 0 0.1   0 0 1.54 , 20.605
2009 EO2 ,XF , 03579 ,  675  , 22 41 47.73 17 32 51.54 , 0 0 0.03   0 0 0.45 , 21.807
2010 TK54 ,XF , 02225 ,  202  , 4 35 28.07 50 28 14.09 , 0 0 0.22   0 0 3.3 , 23.601
2010 TK54 ,XF , 03603 ,  545  , 2 24 45.03 17 43 12.36 , 0 0 0.33   0 0 5.01 , 22.127
2010 TK54 ,XF , 03609 ,  614  , 2 22 51.85 17 47 2.33 , 0 0 0.34   0 0 5.03 , 22.108
2010 TK54 ,XJ , 07214 ,   59  , 7 16 33.94 72 36 1.76 , 0 0 0.24   0 0 3.65 , 22.608
2010 TK54 ,XJ , 07235 ,   58  , 6 44 56.75 70 33 34.92 , 0 0 0.23   0 0 3.41 , 22.623
2005 WC1 ,XN , 06568 ,  152  , 1 26 56.3 54 20 16.19 , 0 0 0.03   0 0 0.52 , 20.63
2000 PN9 ,XJ , 02458 ,  280  , 18 27 38.23 46 4 24.46 , 0 0 0.01   0 0 0.09 , 21.026
2000 PN9 ,XJ , 03441 ,  604  , 23 4 0.91 19 30 12.31 , 0 0 0.01   0 0 0.08 , 18.879
2000 PN9 ,XJ , 03442 ,  604  , 23 4 0.22 19 29 59.78 , 0 0 0.01   0 0 0.08 , 18.878
2000 PN9 ,XF , 03483 ,  747  , 22 43 56.19 12 56 34.91 , 0 0 0.01   0 0 0.1 , 17.823
2006 OC5 ,XJ , 06744 ,  712  , 10 53 58.36 10 16 9.05 , 0 0 0.01   0 0 0.22 , 23.928
2006 OC5 ,XJ , 06745 ,  712  , 10 53 57.88 10 16 11.46 , 0 0 0.01   0 0 0.22 , 23.929
2005 GP21 ,XJ , 03109 ,  643  , 11 56 29.8 13 45 25.96 , 0 0 0.04   0 0 0.66 , 20.907
2005 GP21 ,XJ , 05022 ,  647  , 13 16 10.77 13 53 46.68 , 0 0 0.05   0 0 0.8 , 22.402
2005 GP21 ,XJ , 05023 ,  647  , 13 16 10.96 13 53 33.36 , 0 0 0.05   0 0 0.8 , 22.4
2005 GP21 ,XF , 06735 ,  785  , 11 18 44.26 6 10 6.31 , 0 0 0.03   0 0 0.43 , 21.563
2018 GJ1 ,XN , 02969 ,  482  , 3 37 33.89 25 14 9.74 , 0 0 44.84   0 11 12.59 , 23.218
2006 UK ,XF , 00794 ,  543  , 1 39 26.28 19 50 10.82 , 0 0 0.05   0 0 0.72 , 21.794
2012 VF37 ,XF , 02803 ,  553  , 5 6 18.88 17 11 9.89 , 0 4 12.44   1 3 6.59 , 23.255
2012 VF37 ,XF , 02886 ,  558  , 6 59 55.45 17 34 24.46 , 0 9 30.39   2 22 35.83 , 21.509
2010 XP69 ,XF , 05192 ,  806  , 18 10 44.74 2 42 6.88 , 0 0 0.45   0 0 6.8 , 23.407
2010 XP69 ,XN , 05273 ,  730  , 17 9 56.69 9 46 39.43 , 0 0 0.51   0 0 7.63 , 22.982
1986 JK ,XJ , 06111 ,  713  , 11 13 52.05 8 14 3.23 , 0 0 0.02   0 0 0.25 , 22.996
2001 FC58 ,XN , 05875 ,  744  , 21 45 28.74 10 49 49.87 , 0 0 0.22   0 0 3.36 , 20.094
2001 FC58 ,XN , 06859 ,  808  , 19 3 44.09 2 11 18.46 , 0 0 0.16   0 0 2.42 , 20.088
2001 FC58 ,XF , 06927 ,  803  , 17 25 0.3 2 37 32.41 , 0 0 0.17   0 0 2.55 , 19.788
2014 YL14 ,XF , 01701 ,  427  , 6 56 58.85 30 28 18.91 , 0 7 33.47   1 53 22.1 , 23.407
2011 GS60 ,XJ , 04687 ,  818  , 22 29 33.26 5 8 40.09 , 0 0 4.41   0 1 6.09 , 18.696
2016 NV ,XJ , 02710 ,  102  , 18 0 53.85 64 10 24.28 , 0 0 0.61   0 0 9.11 , 19.72
2008 OO ,XF , 05395 ,  821  , 23 24 32.86 2 3 43.99 , 0 0 0.14   0 0 2.16 , 23.228
2006 XG1 ,XJ , 04457 ,  439  , 11 26 52.98 30 20 18.56 , 0 0 0.06   0 0 0.85 , 23.027
2014 QO296 ,XJ , 04795 ,  681  , 0 47 45.65 9 33 10.58 , 0 0 0.03   0 0 0.48 , 23.191
2012 XD112 ,XN , 04810 ,  757  , 1 56 38.11 3 32 30.95 , 0 0 0.03   0 0 0.5 , 22.882
2001 BO61 ,XF , 02244 ,  697  , 5 53 28.37 8 31 0.7 , 0 0 0.02   0 0 0.25 , 21.264
2001 BO61 ,XJ , 03745 ,  762  , 3 39 53.78 7 25 18.88 , 0 0 0.01   0 0 0.15 , 23.006
2001 BO61 ,XN , 06527 ,  697  , 6 9 56.16 12 1 23.63 , 0 0 0.01   0 0 0.16 , 23.052
2001 BO61 ,XJ , 06618 ,  695  , 5 11 20.67 8 22 55.34 , 0 0 0.01   0 0 0.22 , 21.584
2015 XE352 ,XJ , 06549 ,  488  , 5 59 50.46 24 27 9.4 , 0 0 0.02   0 0 0.37 , 23.251
2015 XE352 ,XN , 06621 ,  484  , 4 27 20.35 24 9 41.83 , 0 0 0.03   0 0 0.52 , 22.552
2013 QU1 ,XF , 06350 ,  678  , 23 28 10.17 14 30 59.26 , 0 0 28.54   0 7 8.14 , 20.878
2003 UX34 ,XJ , 05548 ,  424  , 5 43 51.06 27 11 46.21 , 0 0 0.01   0 0 0.1 , 22.292
2003 UX34 ,XF , 06405 ,  548  , 3 22 38.61 19 15 59.47 , 0 0 0.01   0 0 0.08 , 22.004
2003 UX34 ,XN , 06455 ,  546  , 2 59 12.66 18 27 55.62 , 0 0 0.01   0 0 0.1 , 21.591
1996 JA1 ,XJ , 07041 ,  624  , 5 47 39.1 14 32 31.96 , 0 0 2.43   0 0 36.49 , 23.515
2002 TB70 ,XN , 03610 ,  767  , 5 12 46.23 3 51 20.63 , 0 0 0.06   0 0 0.96 , 21.803
2002 TB70 ,XN , 07008 ,  481  , 3 15 6.45 24 29 24.11 , 0 0 0.04   0 0 0.54 , 22.387
2002 TB70 ,XN , 07066 ,  690  , 3 43 32.36 8 0 16.99 , 0 0 0.05   0 0 0.76 , 21.119
2018 GM ,XJ , 03082 ,  513  , 14 51 50.28 25 5 1.1 , 0 0 0.47   0 0 7.03 , 22.592
2018 GM ,XN , 03110 ,  514  , 15 20 53.43 22 13 31.91 , 0 0 1.0   0 0 14.93 , 20.971
1998 OR2 ,XN , 04970 ,  754  , 1 2 0.91 6 57 6.3 , 0 0 0.0   0 0 0.05 , 21.951
1998 OR2 ,XJ , 05520 ,  424  , 5 52 12.09 28 34 29.06 , 0 0 0.0   0 0 0.07 , 20.534
1998 OR2 ,XJ , 05548 ,  424  , 5 52 57.69 28 51 14.87 , 0 0 0.01   0 0 0.08 , 20.386
1998 OR2 ,XJ , 05580 ,  424  , 5 40 52.32 30 33 46.01 , 0 0 0.01   0 0 0.1 , 19.408
2013 BC18 ,XF , 06325 ,  674  , 22 9 3.27 14 36 9.79 , 0 0 0.13   0 0 1.91 , 23.657
2014 GG17 ,XJ , 02534 ,  239  , 23 0 37.6 52 53 52.87 , 0 0 0.38   0 0 5.77 , 22.755
2014 GG17 ,XJ , 02748 ,  080  , 1 28 26.48 67 43 13.91 , 0 0 1.57   0 0 23.58 , 20.03
2014 GG17 ,XN , 04563 ,  337  , 18 55 17.67 41 11 0.2 , 0 0 0.23   0 0 3.46 , 23.309
2014 GG17 ,XN , 04608 ,  281  , 18 26 53.7 47 23 44.27 , 0 0 0.26   0 0 3.84 , 23.193
2006 VW2 ,XJ , 04813 ,  814  , 21 0 7.16 5 18 44.39 , 0 0 0.04   0 0 0.58 , 22.613
2006 VW2 ,XN , 06399 ,  417  , 2 58 11.17 27 38 18.89 , 0 0 0.02   0 0 0.25 , 23.602
2006 VW2 ,XN , 06937 ,  734  , 18 8 1.82 8 24 42.34 , 0 0 0.07   0 0 1.1 , 21.072
2001 XP1 ,XF , 04192 ,  112  , 0 42 28.66 58 19 7.32 , 0 0 0.04   0 0 0.56 , 23.221
2017 VV ,XJ , 05629 ,  305  , 5 7 27.37 40 6 34.02 , 0 0 12.01   0 3 0.1 , 23.916
2011 LC19 ,XJ , 06068 ,  779  , 9 22 24.18 2 7 43.32 , 0 0 0.02   0 0 0.37 , 23.459
2011 BN24 ,XF , 01680 ,  705  , 8 52 1.87 8 38 46.93 , 0 0 0.24   0 0 3.58 , 21.426
2011 BN24 ,XJ , 03146 ,  637  , 9 52 44.32 13 58 50.99 , 0 0 0.97   0 0 14.61 , 17.97
2011 BN24 ,XJ , 04895 ,  686  , 2 21 25.52 12 46 24.64 , 0 0 0.19   0 0 2.79 , 22.188
2014 PS59 ,XJ , 02466 ,  801  , 16 40 29.5 4 49 33.1 , 0 0 26.88   0 6 43.18 , 23.022
1994 CC ,XN , 06615 ,  635  , 9 15 25.56 13 5 14.86 , 0 0 0.01   0 0 0.12 , 21.834
1998 QS52 ,XJ , 01329 ,  815  , 21 21 0.14 5 25 29.1 , 0 0 0.0   0 0 0.08 , 20.362
2000 GK137 ,XF , 02880 ,  700  , 7 10 30.41 8 45 0.04 , 0 0 0.01   0 0 0.13 , 21.226
2000 GK137 ,XF , 02898 ,  701  , 7 9 58.6 8 30 53.78 , 0 0 0.01   0 0 0.14 , 21.192
2000 GK137 ,XJ , 03749 ,  785  , 11 9 14.1 2 11 55.25 , 0 0 0.01   0 0 0.12 , 22.255
2000 GK137 ,XJ , 04953 ,  703  , 8 1 49.79 8 18 5.8 , 0 0 0.01   0 0 0.13 , 21.872
2000 GK137 ,XN , 06583 ,  705  , 8 45 53.2 8 13 52.86 , 0 0 0.01   0 0 0.11 , 22.504
2008 TZ3 ,XJ , 04883 ,  618  , 3 40 2.4 16 27 34.06 , 0 0 0.0   0 0 0.07 , 22.78
2008 TZ3 ,XJ , 04884 ,  618  , 3 39 59.07 16 27 38.48 , 0 0 0.0   0 0 0.07 , 22.779
2008 TZ3 ,XN , 07062 ,  617  , 3 14 11.92 13 42 46.26 , 0 0 0.01   0 0 0.08 , 22.383
1991 AQ ,XJ , 00930 ,  482  , 3 50 33.74 24 25 50.3 , 0 0 0.01   0 0 0.11 , 22.385
1991 AQ ,XJ , 02207 ,  683  , 1 22 24.3 11 56 6.0 , 0 0 0.01   0 0 0.13 , 21.765
1991 AQ ,XJ , 04235 ,  682  , 1 5 10.12 9 24 11.88 , 0 0 0.01   0 0 0.15 , 20.738
1991 AQ ,XJ , 04236 ,  682  , 1 5 5.26 9 23 46.36 , 0 0 0.01   0 0 0.15 , 20.737
1991 AQ ,XN , 04362 ,  751  , 23 59 0.24 2 29 32.86 , 0 0 0.01   0 0 0.13 , 21.964
1991 AQ ,XN , 04917 ,  546  , 2 47 5.23 19 54 30.06 , 0 0 0.01   0 0 0.12 , 22.863
1991 AQ ,XN , 06455 ,  546  , 2 37 28.8 18 39 5.29 , 0 0 0.01   0 0 0.12 , 23.024
2019 NY2 ,XJ , 02508 ,  456  , 18 4 21.28 27 35 32.57 , 0 5 59.4   1 29 50.98 , 19.339
2019 NY2 ,XJ , 02529 ,  456  , 18 4 38.53 30 9 19.51 , 0 7 11.92   1 47 58.78 , 19.018
1989 VB ,XF , 02992 ,  482  , 3 29 48.69 24 37 47.71 , 0 0 0.04   0 0 0.54 , 18.981
1989 VB ,XN , 03061 ,  485  , 4 41 34.08 26 9 6.48 , 0 0 0.01   0 0 0.2 , 21.676
1989 VB ,XF , 05052 ,  711  , 10 36 17.62 11 41 12.41 , 0 0 0.01   0 0 0.12 , 23.615
1990 MF ,XF , 03619 ,  487  , 5 21 22.64 22 24 8.6 , 0 0 0.01   0 0 0.1 , 18.859
1990 MF ,XJ , 05685 ,  708  , 9 36 26.11 11 33 26.93 , 0 0 0.0   0 0 0.05 , 22.526
2007 TL23 ,XN , 06048 ,  619  , 3 58 51.89 16 13 49.3 , 0 0 0.13   0 0 1.92 , 23.385
1998 ML14 ,XN , 06660 ,  999  , 10 51 26.73 7 24 47.77 , 0 0 0.0   0 0 0.06 , 22.673
1998 ML14 ,XN , 06665 ,  999  , 10 42 46.64 8 14 3.77 , 0 0 0.0   0 0 0.06 , 22.479
1998 ML14 ,XN , 06668 ,  999  , 10 38 1.4 8 40 44.18 , 0 0 0.0   0 0 0.06 , 22.406
1998 ML14 ,XJ , 06691 ,  710  , 10 21 8.76 10 12 46.94 , 0 0 0.0   0 0 0.06 , 22.943
1998 ML14 ,XN , 06749 ,  709  , 10 4 56.83 11 34 19.63 , 0 0 0.0   0 0 0.05 , 23.594
2005 EJ225 ,XJ , 06609 ,  498  , 9 41 2.14 22 15 55.22 , 0 0 0.02   0 0 0.28 , 23.378
2001 SG10 ,XJ , 03037 ,  620  , 4 27 0.71 15 3 30.96 , 0 0 0.02   0 0 0.29 , 23.509
2001 SG10 ,XJ , 03052 ,  620  , 4 26 43.42 15 19 5.99 , 0 0 0.02   0 0 0.27 , 23.657
2001 SG10 ,XJ , 05685 ,  708  , 9 40 4.34 8 41 53.66 , 0 0 0.03   0 0 0.45 , 21.204
2001 SG10 ,XF , 07075 ,  556  , 6 27 43.77 18 18 33.62 , 0 0 0.01   0 0 0.2 , 23.329
2005 AD13 ,XJ , 03184 ,  646  , 13 2 13.04 12 11 1.46 , 0 0 0.01   0 0 0.14 , 22.86
2005 AD13 ,XJ , 03188 ,  646  , 12 57 58.97 12 24 45.47 , 0 0 0.01   0 0 0.14 , 22.913
2005 AD13 ,XJ , 04521 ,  570  , 11 14 29.4 20 50 48.26 , 0 0 0.01   0 0 0.12 , 23.497
2005 AD13 ,XJ , 04542 ,  570  , 11 11 7.82 20 23 52.94 , 0 0 0.01   0 0 0.11 , 23.688
2005 AD13 ,XF , 06138 ,  718  , 12 59 26.64 11 18 48.06 , 0 0 0.01   0 0 0.12 , 23.19
2005 AD13 ,XJ , 06158 ,  645  , 12 30 45.25 15 21 20.2 , 0 0 0.01   0 0 0.12 , 22.924
2000 OL8 ,XJ , 01620 ,  250  , 4 25 28.91 44 28 34.18 , 0 0 0.2   0 0 3.06 , 20.055
2000 OL8 ,XF , 05435 ,  359  , 4 10 11.41 35 40 26.15 , 0 0 0.05   0 0 0.71 , 23.305
2000 OL8 ,XJ , 05535 ,  302  , 4 0 17.13 40 11 37.0 , 0 0 0.08   0 0 1.14 , 22.032
2000 OL8 ,XJ , 05544 ,  302  , 3 58 45.46 40 16 39.14 , 0 0 0.08   0 0 1.15 , 21.988
2000 OL8 ,XN , 05968 ,  676  , 23 5 36.62 16 0 21.06 , 0 0 0.07   0 0 1.0 , 20.921
2000 OL8 ,XJ , 07098 ,  301  , 3 29 32.56 38 57 14.72 , 0 0 0.06   0 0 0.94 , 22.166
2015 AR45 ,XJ , 00379 ,  641  , 11 29 59.29 16 59 20.26 , 0 0 0.14   0 0 2.13 , 22.683
2015 AR45 ,XJ , 01793 ,  644  , 12 20 13.6 15 55 18.88 , 0 0 0.15   0 0 2.31 , 22.487
2015 AR45 ,XJ , 03777 ,  789  , 12 45 48.41 5 41 51.0 , 0 0 0.09   0 0 1.32 , 23.878
2015 AR45 ,XN , 03909 ,  570  , 11 1 21.23 19 47 21.8 , 0 0 0.1   0 0 1.57 , 23.605
2004 OT11 ,XF , 02833 ,  306  , 5 32 10.69 40 53 42.29 , 0 0 0.03   0 0 0.39 , 22.846
2015 LG2 ,XN , 06130 ,  373  , 9 48 57.43 32 35 47.98 , 0 0 0.07   0 0 0.98 , 20.626
2003 BD44 ,XJ , 00326 ,  559  , 7 13 38.0 18 33 10.98 , 0 0 0.01   0 0 0.08 , 21.519
2003 BD44 ,XJ , 00329 ,  559  , 7 12 33.1 18 34 32.66 , 0 0 0.01   0 0 0.08 , 21.494
2003 BD44 ,XF , 03638 ,  555  , 5 59 33.54 20 15 29.09 , 0 0 0.0   0 0 0.07 , 22.016
2003 BD44 ,XN , 06474 ,  549  , 3 54 5.88 17 51 23.62 , 0 0 0.01   0 0 0.09 , 19.763
2013 VO5 ,XN , 05595 ,  491  , 6 59 29.13 23 46 59.74 , 0 0 1.25   0 0 18.8 , 23.822
2006 XD2 ,XN , 07049 ,  552  , 4 58 31.57 19 43 15.53 , 0 0 0.01   0 0 0.15 , 23.272
2001 DF47 ,XJ , 01910 ,  587  , 17 17 57.44 22 15 23.08 , 0 0 0.13   0 0 1.94 , 21.355
2004 GA1 ,XF , 01017 ,  706  , 8 56 59.0 10 13 48.0 , 0 0 0.01   0 0 0.19 , 23.353
2004 GA1 ,XJ , 05632 ,  558  , 7 4 26.84 18 14 3.98 , 0 0 0.01   0 0 0.22 , 21.755
2003 UW29 ,XJ , 04407 ,  690  , 3 51 50.46 12 32 0.28 , 0 0 0.02   0 0 0.36 , 22.223
2003 UW29 ,XJ , 04408 ,  690  , 3 51 43.0 12 31 49.69 , 0 0 0.02   0 0 0.36 , 22.223
2003 UW29 ,XJ , 04409 ,  619  , 3 49 24.52 12 28 27.01 , 0 0 0.02   0 0 0.35 , 22.241
2010 UQ7 ,XJ , 04389 ,  553  , 5 19 14.65 19 54 18.43 , 0 0 0.05   0 0 0.78 , 22.56
2010 LN14 ,XJ , 06790 ,  711  , 10 31 37.46 8 4 52.64 , 0 0 0.01   0 0 0.15 , 23.869
2010 LN14 ,XJ , 06791 ,  711  , 10 31 38.14 8 4 48.29 , 0 0 0.01   0 0 0.15 , 23.87
2006 VC ,XJ , 01758 ,  268  , 12 47 35.06 47 50 22.96 , 0 0 0.3   0 0 4.46 , 19.816
2006 VC ,XJ , 01770 ,  268  , 12 42 26.96 46 5 27.78 , 0 0 0.28   0 0 4.22 , 19.914
2008 DG5 ,XJ , 01626 ,  614  , 2 24 54.84 13 38 28.72 , 0 0 0.04   0 0 0.59 , 19.661
1997 QK1 ,XF , 02259 ,  486  , 4 59 18.59 26 2 9.74 , 0 0 0.01   0 0 0.21 , 23.983
2011 UL21 ,XJ , 03403 ,  591  , 18 27 16.73 20 40 33.38 , 0 0 0.09   0 0 1.31 , 16.434
2011 UL21 ,XJ , 03417 ,  591  , 18 25 33.72 20 26 40.88 , 0 0 0.08   0 0 1.24 , 16.587
2011 UL21 ,XF , 04197 ,  193  , 0 18 26.56 50 44 22.49 , 0 0 0.01   0 0 0.2 , 21.58
1999 CF9 ,XJ , 04880 ,  687  , 2 40 44.48 7 44 39.16 , 0 0 0.01   0 0 0.14 , 20.774
1999 CF9 ,XJ , 04900 ,  687  , 2 34 48.78 7 4 1.7 , 0 0 0.01   0 0 0.15 , 20.712
1999 CF9 ,XN , 04901 ,  687  , 2 34 47.09 7 3 50.65 , 0 0 0.01   0 0 0.15 , 20.712
1994 NE ,XJ , 03947 ,  586  , 16 48 0.97 22 17 12.52 , 0 36 34.76   9 8 41.46 , 21.827
1994 NE ,XF , 04420 ,  488  , 5 51 45.64 26 4 29.89 , 0 38 58.84   9 44 42.62 , 21.761
1994 NE ,XN , 05831 ,  664  , 18 52 12.22 17 54 23.9 , 0 0 0.39   0 0 5.86 , 19.39
1994 NE ,XN , 05836 ,  592  , 18 52 43.81 17 57 12.71 , 0 0 0.37   0 0 5.48 , 19.292
2005 JS108 ,XJ , 04456 ,  568  , 10 22 56.01 21 7 26.69 , 0 0 0.01   0 0 0.22 , 20.683
2013 US3 ,XF , 07044 ,  553  , 5 23 31.42 21 12 43.27 , 0 0 0.05   0 0 0.78 , 23.181
2013 US3 ,XJ , 07089 ,  489  , 6 19 20.0 27 4 52.79 , 0 0 0.07   0 0 1.08 , 22.532
2000 SP43 ,XN , 06509 ,  203  , 5 14 49.76 51 1 7.14 , 0 0 0.01   0 0 0.2 , 18.38
2011 CP4 ,XN , 03781 ,  781  , 10 11 13.38 6 7 12.04 , 0 0 0.16   0 0 2.34 , 22.215
2016 AH193 ,XJ , 00444 ,  580  , 14 35 19.16 18 17 38.4 , 0 0 0.09   0 0 1.37 , 23.677
2016 AH193 ,XN , 05099 ,  655  , 15 58 11.44 16 26 13.78 , 0 0 0.14   0 0 2.04 , 22.925
2016 AH193 ,XJ , 05140 ,  583  , 15 41 13.55 22 13 7.82 , 0 0 0.16   0 0 2.34 , 22.445
1986 PA ,XR , 01263 ,  808  , 18 50 55.78 4 32 46.54 , 0 0 0.05   0 0 0.69 , 18.914
1986 PA ,XJ , 01850 ,  734  , 18 11 56.37 8 34 28.24 , 0 0 0.04   0 0 0.62 , 18.99
1986 PA ,XJ , 01927 ,  730  , 16 54 20.81 8 46 37.67 , 0 0 0.04   0 0 0.67 , 18.961
2007 CA19 ,XJ , 01624 ,  778  , 8 47 58.3 7 44 31.27 , 0 0 0.01   0 0 0.17 , 23.493
2007 CA19 ,XF , 02904 ,  695  , 5 28 11.64 11 32 19.1 , 0 0 0.02   0 0 0.34 , 23.885
2005 VC ,XF , 03613 ,  752  , 0 11 52.63 5 54 33.23 , 0 0 0.08   0 0 1.17 , 21.246
1983 TB ,XF , 02817 ,  248  , 3 9 18.21 47 13 12.4 , 0 0 0.0   0 0 0.02 , 17.385
1983 TB ,XF , 02822 ,  199  , 3 6 19.24 47 11 41.57 , 0 0 0.0   0 0 0.02 , 17.372
1983 TB ,XJ , 04977 ,  475  , 1 9 44.6 27 20 40.09 , 0 0 0.0   0 0 0.01 , 18.526
1983 TB ,XJ , 04987 ,  475  , 1 8 55.69 26 41 20.8 , 0 0 0.0   0 0 0.01 , 18.595
1983 TB ,XN , 06450 ,  303  , 4 17 1.22 40 22 5.56 , 0 0 0.0   0 0 0.01 , 18.647
1983 TB ,XN , 06505 ,  302  , 3 42 23.6 41 46 31.58 , 0 0 0.0   0 0 0.01 , 18.109
2017 OP19 ,XN , 05260 ,  662  , 18 16 13.92 17 19 3.47 , 0 0 0.34   0 0 5.08 , 21.214
2017 OP19 ,XF , 05354 ,  519  , 17 7 10.03 25 47 30.12 , 0 0 0.44   0 0 6.67 , 20.6
2017 OP19 ,XF , 05406 ,  518  , 16 55 9.97 24 25 40.04 , 0 0 0.56   0 0 8.4 , 20.259
2017 OP19 ,XJ , 05411 ,  518  , 16 55 0.76 24 8 43.69 , 0 0 0.58   0 0 8.76 , 20.213
2017 OP19 ,XJ , 05412 ,  518  , 16 55 0.56 24 8 36.24 , 0 0 0.58   0 0 8.76 , 20.212
2017 OP19 ,XJ , 05414 ,  518  , 16 54 55.87 23 58 19.45 , 0 0 0.6   0 0 8.98 , 20.187
2019 VG6 ,XF , 05435 ,  359  , 3 54 0.99 33 57 22.86 , 0 2 37.86   0 39 27.97 , 23.946
2011 BO24 ,XJ , 03049 ,  265  , 11 2 31.98 43 31 48.47 , 0 0 0.06   0 0 0.9 , 20.093
2002 WQ4 ,XF , 04219 ,  546  , 2 41 40.69 21 36 58.82 , 0 0 0.02   0 0 0.26 , 22.841
2002 WQ4 ,XJ , 04237 ,  546  , 2 42 3.23 21 45 45.25 , 0 0 0.02   0 0 0.27 , 22.726
2002 WQ4 ,XJ , 04238 ,  546  , 2 42 3.35 21 45 54.9 , 0 0 0.02   0 0 0.27 , 22.724
2002 WQ4 ,XF , 04258 ,  479  , 2 37 11.77 22 8 54.13 , 0 0 0.02   0 0 0.32 , 21.926
2016 TJ18 ,XN , 03794 ,  264  , 10 53 32.23 45 37 41.74 , 0 5 37.37   1 24 20.5 , 22.788
1998 SU4 ,XJ , 04916 ,  244  , 1 15 47.81 46 36 38.27 , 0 0 0.61   0 0 9.16 , 22.939
1998 SU4 ,XF , 07157 ,   32  , 4 49 59.5 75 44 44.05 , 0 0 1.09   0 0 16.42 , 23.061
2010 UT7 ,XJ , 01775 ,  445  , 14 1 10.21 27 8 16.44 , 0 0 0.08   0 0 1.15 , 22.925
2010 UT7 ,XN , 06113 ,  087  , 6 41 30.39 62 10 37.13 , 0 0 0.11   0 0 1.64 , 22.122
2010 UT7 ,XJ , 06753 ,  444  , 13 17 11.22 30 4 5.27 , 0 0 0.06   0 0 0.89 , 22.448
2010 UT7 ,XJ , 07203 ,   87  , 6 56 8.84 62 25 41.66 , 0 0 0.1   0 0 1.48 , 22.138
2010 UT7 ,XJ , 07204 ,   87  , 6 56 6.19 62 25 22.91 , 0 0 0.1   0 0 1.48 , 22.139
2006 WQ29 ,XF , 00933 ,  628  , 7 11 23.79 16 58 0.3 , 0 0 0.13   0 0 1.93 , 22.109
2006 WQ29 ,XJ , 04974 ,  554  , 5 48 9.83 17 3 45.18 , 0 0 0.12   0 0 1.81 , 20.642
2014 XJ3 ,XF , 02910 ,  563  , 8 48 1.88 19 50 53.99 , 0 0 0.31   0 0 4.6 , 21.665
2006 WJ3 ,XF , 04642 ,  809  , 19 25 58.02 5 43 9.84 , 0 0 0.04   0 0 0.54 , 21.928
2007 UL12 ,XN , 07049 ,  552  , 5 3 30.64 18 20 11.33 , 0 0 0.01   0 0 0.1 , 22.958
2007 UL12 ,XF , 07075 ,  556  , 6 25 49.68 18 35 34.19 , 0 0 0.01   0 0 0.13 , 21.96
2003 BK47 ,XJ , 01927 ,  730  , 16 48 9.03 12 30 25.31 , 0 0 0.02   0 0 0.31 , 20.662
2003 BK47 ,XJ , 03089 ,  643  , 12 3 45.53 15 31 34.25 , 0 0 0.01   0 0 0.21 , 23.723
2003 BK47 ,XJ , 03109 ,  643  , 11 49 4.33 17 43 20.32 , 0 0 0.01   0 0 0.21 , 23.724
2003 BK47 ,XJ , 05676 ,  639  , 10 31 5.28 16 7 47.75 , 0 0 0.01   0 0 0.21 , 21.906
2003 BK47 ,XJ , 05700 ,  567  , 10 2 50.18 20 10 24.31 , 0 0 0.01   0 0 0.21 , 22.556
1984 KD ,XJ , 03141 ,  370  , 8 36 48.56 33 44 31.52 , 0 0 0.01   0 0 0.09 , 21.362
1984 KD ,XF , 04315 ,  554  , 5 43 51.75 18 46 50.56 , 0 0 0.01   0 0 0.08 , 21.17
1984 KD ,XN , 07201 ,  721  , 13 48 56.23 9 51 35.35 , 0 0 0.01   0 0 0.09 , 19.859
2008 VB1 ,XN , 06461 ,  620  , 4 17 9.26 14 45 29.02 , 0 0 0.04   0 0 0.64 , 22.664
2002 YP2 ,XJ , 01730 ,  378  , 11 45 10.62 34 57 5.51 , 0 0 0.02   0 0 0.32 , 22.872
2002 YP2 ,XJ , 01768 ,  378  , 11 23 36.97 36 3 36.65 , 0 0 0.02   0 0 0.31 , 22.952
2002 YP2 ,XJ , 01774 ,  378  , 11 21 52.0 36 6 17.53 , 0 0 0.02   0 0 0.31 , 22.963
2002 YP2 ,XJ , 03148 ,  377  , 10 58 21.18 35 18 32.0 , 0 0 0.02   0 0 0.28 , 23.135
2002 YP2 ,XJ , 06696 ,  379  , 11 52 58.21 33 23 11.69 , 0 0 0.02   0 0 0.3 , 22.686
2001 KF54 ,XJ , 06109 ,  559  , 7 9 6.12 20 25 28.63 , 0 0 0.04   0 0 0.65 , 23.794
1991 BN ,XF , 03842 ,  559  , 7 29 35.72 17 22 23.41 , 0 0 0.01   0 0 0.13 , 21.793
1991 BN ,XF , 03845 ,  630  , 7 29 44.78 17 23 22.92 , 0 0 0.01   0 0 0.13 , 21.83
1991 BN ,XJ , 05064 ,  783  , 10 29 5.83 2 36 31.43 , 0 0 0.01   0 0 0.17 , 21.513
2005 WA1 ,XF , 02165 ,  358  , 3 32 32.01 33 57 52.96 , 0 0 0.07   0 0 1.07 , 23.596
2011 CC22 ,XF , 04434 ,  377  , 11 26 13.08 34 22 45.12 , 0 0 0.33   0 0 5.01 , 20.09
2008 UW91 ,XN , 05384 ,  749  , 23 16 36.18 12 36 38.84 , 0 0 0.15   0 0 2.31 , 23.417
1999 GK4 ,XJ , 03103 ,  633  , 8 36 2.67 15 23 8.02 , 0 0 0.01   0 0 0.1 , 20.529
1999 GK4 ,XJ , 03104 ,  633  , 8 35 58.93 15 23 34.66 , 0 0 0.01   0 0 0.1 , 20.531
1999 GK4 ,XJ , 06093 ,  626  , 6 30 37.52 16 36 19.51 , 0 0 0.01   0 0 0.13 , 19.929
1999 GK4 ,XJ , 06744 ,  712  , 10 51 4.69 9 13 10.02 , 0 0 0.01   0 0 0.1 , 19.342
1999 GK4 ,XJ , 06745 ,  712  , 10 51 3.81 9 13 17.11 , 0 0 0.01   0 0 0.1 , 19.343
1999 GK4 ,XJ , 06790 ,  711  , 10 45 46.92 10 11 11.29 , 0 0 0.01   0 0 0.09 , 19.622
1999 GK4 ,XJ , 06791 ,  711  , 10 45 47.0 10 11 11.87 , 0 0 0.01   0 0 0.09 , 19.622
2015 BN311 ,XJ , 03147 ,  317  , 10 30 26.52 39 41 6.14 , 0 0 0.3   0 0 4.52 , 23.169
2015 BN311 ,XJ , 05000 ,  554  , 5 26 18.21 19 59 56.08 , 0 0 0.57   0 0 8.57 , 21.169
2011 WO41 ,XF , 03033 ,  694  , 4 58 1.95 11 18 31.36 , 0 0 0.02   0 0 0.28 , 22.805
2011 WO41 ,XN , 06031 ,  696  , 5 36 58.23 8 48 49.75 , 0 0 0.02   0 0 0.27 , 23.516
2011 WO41 ,XJ , 06058 ,  695  , 5 15 47.29 8 0 20.27 , 0 0 0.02   0 0 0.29 , 22.987
2015 TE323 ,XJ , 04759 ,  684  , 1 47 29.31 11 46 35.54 , 0 0 0.05   0 0 0.69 , 23.025
2015 TE323 ,XJ , 04760 ,  684  , 1 47 28.81 11 46 26.51 , 0 0 0.05   0 0 0.69 , 23.024
2015 TE323 ,XN , 04833 ,  684  , 1 32 48.67 9 13 44.0 , 0 0 0.06   0 0 0.86 , 22.108
2006 UL217 ,XF , 02972 ,  435  , 10 6 43.51 28 48 59.26 , 0 0 0.03   0 0 0.39 , 22.474
2006 UL217 ,XJ , 03058 ,  314  , 9 3 47.24 41 33 53.75 , 0 0 0.04   0 0 0.63 , 21.909
2006 UL217 ,XJ , 03064 ,  314  , 9 1 20.53 41 38 17.7 , 0 0 0.04   0 0 0.63 , 21.929
2006 UL217 ,XF , 07285 ,  501  , 10 51 24.96 26 41 18.96 , 0 0 0.04   0 0 0.64 , 22.815
2015 PU228 ,XF , 04234 ,  749  , 23 19 44.18 9 13 23.02 , 0 5 26.08   1 21 31.19 , 22.976
2015 PU228 ,XF , 04274 ,  819  , 22 50 21.23 5 20 54.64 , 0 5 10.78   1 17 41.77 , 23.846
2008 UU1 ,XF , 03659 ,  770  , 6 23 12.05 6 45 14.72 , 0 0 0.11   0 0 1.7 , 23.871
2008 UU1 ,XJ , 03711 ,  768  , 5 43 34.38 4 12 36.83 , 0 0 0.15   0 0 2.27 , 23.439
2008 UU1 ,XJ , 06690 ,  627  , 6 41 54.88 17 50 41.64 , 0 0 0.32   0 0 4.88 , 22.047
2003 AY2 ,XJ , 01619 ,  418  , 3 25 44.37 29 32 39.55 , 0 0 0.1   0 0 1.53 , 21.878
2003 AY2 ,XF , 04156 ,  607  , 0 12 25.27 17 24 33.48 , 0 0 0.05   0 0 0.71 , 23.354
2003 AY2 ,XF , 04266 ,  748  , 23 11 0.96 12 13 57.83 , 0 0 0.06   0 0 0.83 , 23.18
2003 AY2 ,XN , 04342 ,  820  , 22 53 31.71 7 57 1.94 , 0 0 0.05   0 0 0.69 , 23.938
2003 AY2 ,XN , 06022 ,  477  , 1 52 35.76 26 49 36.66 , 0 0 0.05   0 0 0.74 , 23.418
2015 DP155 ,XF , 04304 ,  621  , 4 40 0.37 13 46 30.29 , 0 0 0.01   0 0 0.18 , 23.232
2001 XR30 ,XJ , 00700 ,  475  , 1 4 18.55 27 10 0.66 , 0 0 0.04   0 0 0.62 , 23.754
2001 RA12 ,XJ , 04415 ,  564  , 9 6 30.02 17 10 39.94 , 0 0 0.07   0 0 0.99 , 21.78
2001 RA12 ,XJ , 05629 ,  305  , 4 57 17.85 40 17 6.36 , 0 0 0.05   0 0 0.72 , 22.934
2001 RA12 ,XJ , 05644 ,  304  , 4 49 50.58 39 25 27.91 , 0 0 0.05   0 0 0.7 , 23.077
2001 RA12 ,XJ , 05645 ,  304  , 4 49 47.08 39 25 0.59 , 0 0 0.05   0 0 0.7 , 23.078
2001 RA12 ,XN , 07141 ,  308  , 6 33 3.74 40 29 5.28 , 0 0 0.04   0 0 0.63 , 23.107