2016 FG60 , J ,  1503 ,   393 , 17 39 46.87 -37 18 5.8 , 0 0 2.35   0 0 35.29 , 23.25 , 23.7201140738196
2000 EK26 , J ,  6121 ,   666 , 19 44 14.61 -15 9 0.11 , 0 0 0.08   0 0 1.2 , 21.825 , 23.45276429888825
2011 SM68 , J ,  2598 ,   286 , 21 12 2.64 -43 8 52.8 , 0 0 0.05   0 0 0.76 , 23.136 , 23.5
2009 WM1 , J ,  3898 ,    94 , 11 58 30.72 -63 24 31.57 , 0 0 0.27   0 0 4.1 , 21.849 , 23.40102344244047
2003 EE16 , J ,  8202 ,   824 , 12 9 0.25 0 44 0.38 , 0 0 0.04   0 0 0.64 , 23.417 , 23.5
2003 EE16 , J ,  8488 ,   789 , 12 43 7.94 -3 29 20.9 , 0 0 0.08   0 0 1.2 , 22.587 , 23.5
2021 AV7 , J ,  3786 ,   549 , 4 3 18.32 -22 32 35.3 , 0 5 52.68   1 28 10.21 , 23.608 , 23.62113751626007
2017 YZ1 , J ,  8196 ,   891 , 10 43 30.56 0 54 19.33 , 0 0 0.04   0 0 0.61 , 23.244 , 23.5
1994 PC1 , J ,  6114 ,   535 , 23 10 34.77 -24 30 5.9 , 0 0 0.02   0 0 0.26 , 18.484 , 23.5
2000 QK130 , I , 18957 ,   745 , 22 11 29.76 -10 56 37.18 , 0 0 0.02   0 0 0.28 , 19.545 , 20.5
2000 QK130 , I , 18963 ,   746 , 22 11 52.95 -11 12 34.78 , 0 0 0.02   0 0 0.28 , 19.629 , 20.5
1997 XF11 , J ,  5777 ,   857 , 23 24 36.62 -2 13 38.71 , 0 0 0.01   0 0 0.11 , 18.219 , 23.583683487038268
2002 LY45 , J ,  6990 ,   735 , 18 39 10.57 -8 7 47.96 , 0 0 0.02   0 0 0.26 , 19.943 , 23.43265577402143
2002 LY45 , J ,  9340 ,   793 , 13 52 15.87 -3 14 33.97 , 0 0 0.01   0 0 0.12 , 21.553 , 23.5
2007 RU9 , J ,  9157 ,   795 , 14 37 47.7 -5 50 9.02 , 0 0 0.09   0 0 1.38 , 21.162 , 23.5
1993 KH ,OR , 15560 ,   650 , 14 7 53.16 -16 59 3.41 , 0 0 0.02   0 0 0.34 , 17.307 , 21.95276429888825
2002 CU11 , I , 14183 ,   626 , 6 10 45.18 -15 47 56.72 , 0 0 0.01   0 0 0.15 , 20.454 , 20.5
2002 CU11 ,OR , 16450 ,   123 , 7 39 22.11 -57 5 9.17 , 0 0 0.01   0 0 0.15 , 21.395 , 22.083683487038268
2002 CU11 ,OR , 16456 ,   163 , 7 32 38.61 -57 39 27.47 , 0 0 0.01   0 0 0.15 , 21.366 , 22.043452632824014
2014 DM22 , J ,  5473 ,   627 , 6 47 35.29 -15 7 41.59 , 0 0 0.03   0 0 0.43 , 23.343 , 23.45276429888825
2002 EZ11 ,OR , 15462 ,   651 , 14 36 0.28 -12 48 17.17 , 0 0 0.01   0 0 0.17 , 19.861 , 22.0
2004 VC17 , J ,  8398 ,   702 , 7 47 49.21 -8 41 36.35 , 0 0 0.04   0 0 0.54 , 23.027 , 23.45276429888825
2004 VC17 ,OR , 12995 ,   857 , 23 30 4.8 0 26 20.69 , 0 0 0.02   0 0 0.29 , 20.04 , 22.043452632824014
2008 ER7 , J ,  2318 ,   514 , 15 34 30.71 -23 23 13.63 , 0 0 0.02   0 0 0.34 , 22.592 , 23.5
1993 VB ,OR , 12837 ,   825 , 12 29 22.94 -2 32 4.42 , 0 0 0.01   0 0 0.12 , 21.894 , 22.12113751626007
2006 KV86 , J ,  4830 ,   323 , 13 11 8.2 -41 49 15.89 , 0 0 0.08   0 0 1.26 , 22.238 , 23.583683487038268
2006 KV86 , J ,  6111 ,   881 , 7 12 36.7 1 27 57.85 , 0 0 0.09   0 0 1.28 , 22.124 , 23.40102344244047
2006 KV86 ,OR , 14762 ,   206 , 6 11 47.92 -49 26 29.8 , 0 0 0.14   0 0 2.04 , 21.103 , 22.083683487038268
2006 KV86 ,OR , 16984 ,   314 , 9 14 4.68 -42 30 5.18 , 0 0 0.07   0 0 0.99 , 21.723 , 22.106464512171016
2016 CB194 ,OR , 16650 ,   401 , 21 1 4.75 -32 40 29.42 , 0 0 0.41   0 0 6.21 , 19.351 , 22.043452632824014
2019 VF6 , J ,  8117 ,   616 , 2 49 57.88 -13 49 46.49 , 0 0 3.79   0 0 56.85 , 23.403 , 23.5
1998 MZ ,OR , 13317 ,   746 , 22 10 38.42 -11 26 22.34 , 0 0 0.01   0 0 0.1 , 22.045 , 22.12113751626007
2004 VD17 ,OR , 15341 ,   716 , 12 13 25.91 -8 39 46.3 , 0 0 0.01   0 0 0.16 , 20.943 , 22.083683487038268
2001 WN5 ,OR , 12550 ,   859 , 0 3 21.93 1 16 47.35 , 0 0 0.0   0 0 0.06 , 20.591 , 22.249465443631504
2000 KA , J ,   640 ,   464 , 21 3 16.89 -27 9 39.49 , 0 0 0.01   0 0 0.11 , 23.263 , 23.40102344244047
2003 MK4 , J ,  2177 ,    70 , 17 31 17.07 -70 58 6.35 , 0 0 0.07   0 0 1.08 , 22.25 , 23.45276429888825
2003 MK4 , J ,  2841 ,   214 , 10 18 39.21 -48 48 24.48 , 0 0 0.16   0 0 2.38 , 20.119 , 23.583683487038268
2003 MK4 , I , 16130 ,   144 , 20 50 22.54 -60 24 44.46 , 0 0 0.06   0 0 0.93 , 20.35 , 20.5
1999 JT6 ,OR , 14562 ,   462 , 20 29 33.3 -29 50 47.36 , 0 0 0.01   0 0 0.13 , 21.152 , 22.0
1999 JT6 , I , 17150 ,   583 , 15 48 31.87 -20 8 59.78 , 0 0 0.01   0 0 0.14 , 20.469 , 20.5
1999 JT6 , I , 19282 ,  609A , 0 46 55.59 -18 0 12.46 , 0 0 0.02   0 0 0.28 , 16.884 , 20.527634336954936
2004 XP14 ,OR , 13401 ,   892 , 10 53 58.88 -1 42 46.44 , 0 0 0.03   0 0 0.46 , 21.823 , 22.083683487038268
1998 DV9 , J ,  7916 ,   726 , 15 41 21.59 -9 35 23.5 , 0 0 0.02   0 0 0.25 , 21.534 , 23.5
1998 DV9 , J ,  7968 ,   727 , 15 54 53.61 -12 32 55.97 , 0 0 0.01   0 0 0.21 , 22.09 , 23.5
1998 DV9 , J ,  8660 ,   752 , 0 14 45.92 -4 3 1.84 , 0 0 0.01   0 0 0.2 , 22.437 , 23.5
2008 AF4 , J ,  5099 ,   863 , 13 31 43.22 2 5 15.0 , 0 0 0.01   0 0 0.11 , 23.078 , 23.627613156889797
2014 XL7 , J ,  5773 ,   867 , 14 30 25.13 -1 10 3.14 , 0 0 6.76   0 1 41.41 , 23.003 , 23.602733445234186
2013 BP73 , J ,  5773 ,   867 , 14 34 31.78 1 19 46.99 , 0 0 0.57   0 0 8.5 , 21.338 , 23.602733445234186
2006 WT1 , J ,  5739 ,   569 , 10 38 44.43 -17 18 52.6 , 0 0 0.24   0 0 3.64 , 22.73 , 23.5
2017 XL2 , J ,  1486 ,   226 , 16 37 19.78 -47 37 28.6 , 0 0 0.59   0 0 8.89 , 21.453 , 23.5
1999 DB7 , J ,  8191 ,   692 , 4 22 18.0 -8 25 12.54 , 0 0 0.04   0 0 0.65 , 20.032 , 23.5
2003 YT1 ,OR , 15523 ,   864 , 1 46 23.25 -2 39 29.16 , 0 0 0.0   0 0 0.01 , 19.108 , 21.95276429888825
1998 SS49 ,OR , 13363 ,   464 , 21 13 0.44 -29 39 16.42 , 0 0 0.01   0 0 0.09 , 21.013 , 22.083683487038268
1998 KM3 , J , 10231 ,   718 , 12 56 33.54 -12 3 3.31 , 0 0 0.04   0 0 0.56 , 19.87 , 23.5
1998 KM3 , J , 11683 ,   648 , 13 43 51.65 -17 55 10.27 , 0 0 0.03   0 0 0.4 , 23.378 , 23.829051793468228
1996 RG3 , J ,  2603 ,   597 , 20 40 53.03 -17 13 57.36 , 0 0 0.02   0 0 0.25 , 21.407 , 23.5
1996 RG3 , J , 12752 ,   894 , 11 44 38.11 2 35 34.4 , 0 0 0.01   0 0 0.17 , 21.117 , 23.629754651194947
2003 MH4 , I , 14814 ,   777 , 8 32 27.52 -7 7 9.44 , 0 0 0.1   0 0 1.42 , 18.041 , 20.5
2015 TB145 , J ,  4606 ,   411 , 0 53 19.51 -27 51 48.67 , 0 0 0.03   0 0 0.47 , 23.097 , 23.583683487038268
2004 XN14 ,OR , 12550 ,   859 , 0 3 46.19 -2 11 7.66 , 0 0 0.02   0 0 0.29 , 21.814 , 22.249465443631504
2020 NK1 , I , 15061 ,   108 , 21 46 17.32 -65 18 46.44 , 0 0 45.21   0 11 18.09 , 18.628 , 20.5
2006 JF42 , J ,  9309 ,   855 , 10 47 9.52 -1 12 59.76 , 0 0 0.09   0 0 1.32 , 18.093 , 23.5
2003 HF2 , J ,  8537 ,   791 , 13 16 34.53 -4 18 40.32 , 0 0 0.03   0 0 0.42 , 20.26 , 23.5
2003 HF2 , J ,  8569 ,   790 , 13 11 23.51 -3 49 26.76 , 0 0 0.03   0 0 0.4 , 20.472 , 23.5
1982 DB , J ,  3410 ,   595 , 20 7 46.02 -21 0 10.58 , 0 0 0.0   0 0 0.04 , 20.025 , 23.62113751626007
1982 DB ,OR , 15447 ,   517 , 16 42 25.69 -25 25 46.52 , 0 0 0.0   0 0 0.07 , 19.543 , 22.0
1982 DB ,OR , 15557 ,   582 , 15 22 37.06 -22 11 19.5 , 0 0 0.01   0 0 0.1 , 18.882 , 22.0
1947 XC ,OR , 13868 ,   673 , 21 47 53.47 -16 48 33.77 , 0 0 0.01   0 0 0.09 , 20.531 , 22.12113751626007
1947 XC ,OR , 15749 ,   598 , 21 10 44.21 -19 50 34.58 , 0 0 0.01   0 0 0.11 , 19.74 , 22.0
2018 BP , I ,  9460 ,   737 , 19 30 11.4 -11 30 19.91 , 0 0 0.32   0 0 4.84 , 20.289 , 20.5
2018 BP ,OR ,  9527 ,   662 , 18 25 15.29 -14 22 31.48 , 0 0 0.27   0 0 4.0 , 20.464 , 21.95276429888825
2018 BP ,OR , 11589 ,   854 , 10 18 15.0 0 48 52.2 , 0 0 0.23   0 0 3.46 , 20.349 , 22.376287494579977
2010 FQ ,OR ,  9478 ,   670 , 20 51 56.05 -14 6 9.22 , 0 0 0.16   0 0 2.44 , 21.884 , 21.90102344244047
2010 FQ , J , 11267 ,   746 , 22 20 30.06 -10 50 52.26 , 0 0 0.14   0 0 2.16 , 22.505 , 23.583683487038268
2002 FB3 , I , 15741 ,   890 , 10 30 42.14 1 52 18.62 , 0 0 0.01   0 0 0.14 , 19.218 , 20.656173420760375
1989 FC ,OR , 10339 ,   801 , 16 51 9.34 -5 18 21.13 , 0 0 0.19   0 0 2.87 , 20.67 , 22.083683487038268
2001 FO32 , J ,  3861 ,   496 , 8 37 26.74 -26 53 0.56 , 0 0 0.04   0 0 0.62 , 22.875 , 23.656173420760375
2018 TY2 ,OR , 14455 ,   583 , 15 46 6.25 -18 56 51.97 , 0 1 58.99   0 29 44.85 , 20.562 , 22.043452632824014
2002 JZ8 , J , 12752 ,   894 , 11 30 20.42 1 23 4.45 , 0 0 0.12   0 0 1.81 , 22.911 , 23.629754651194947
2013 LG16 ,OR , 12052 ,   807 , 18 47 16.65 -4 5 43.55 , 0 0 0.45   0 0 6.72 , 21.818 , 22.083683487038268
2007 AG ,OR , 12995 ,   857 , 23 21 16.16 1 41 55.75 , 0 0 0.0   0 0 0.05 , 21.566 , 22.043452632824014
2003 QO104 ,OR , 17809 ,   828 , 1 29 42.48 2 0 50.04 , 0 0 0.01   0 0 0.13 , 20.561 , 22.0
2000 LB16 , J , 14691 ,   836 , 16 14 24.23 -2 21 5.11 , 0 0 0.01   0 0 0.15 , 22.033 , 23.62113751626007
1937 UB , J ,  3390 ,   601 , 22 9 30.93 -21 7 41.02 , 0 0 0.0   0 0 0.06 , 21.542 , 23.583683487038268
2006 DU62 , J ,  2975 ,   444 , 13 25 55.2 -31 36 57.74 , 0 0 0.04   0 0 0.55 , 22.221 , 23.583683487038268
2006 DU62 , J ,  8202 ,   824 , 12 18 8.55 2 40 40.08 , 0 0 0.04   0 0 0.62 , 19.658 , 23.5
2010 JU39 ,OR , 10855 ,   862 , 0 51 45.64 -1 55 24.17 , 0 0 0.07   0 0 1.02 , 20.161 , 22.083683487038268
2010 JU39 , I , 10863 ,   862 , 0 57 34.32 0 36 7.63 , 0 0 0.07   0 0 1.02 , 20.207 , 20.5
2001 SG286 , I ,  7729 ,   272 , 14 24 49.52 -44 35 25.91 , 0 0 0.31   0 0 4.7 , 17.53 , 20.5
1999 MN , J ,  9351 ,   743 , 21 32 5.57 -9 49 49.3 , 0 0 0.1   0 0 1.53 , 17.622 , 23.5
1993 EA ,OR , 12837 ,   825 , 12 37 52.57 0 12 22.57 , 0 0 0.0   0 0 0.04 , 21.277 , 22.12113751626007
1993 EA ,OR , 14590 ,   824 , 12 13 6.36 2 14 27.02 , 0 0 0.0   0 0 0.04 , 21.001 , 22.0
1993 EA ,OR , 17016 ,   863 , 13 28 14.36 1 53 19.54 , 0 0 0.01   0 0 0.12 , 18.555 , 22.12113751626007
2014 SM143 , J ,  4402 ,   109 , 22 39 58.84 -66 34 23.99 , 0 0 0.03   0 0 0.41 , 22.417 , 23.583683487038268
2005 UL5 ,OR , 16385 ,   472 , 0 5 15.64 -24 14 0.71 , 0 0 0.01   0 0 0.19 , 21.105 , 22.0
2017 EN , J ,  7238 ,   893 , 11 15 29.82 2 43 17.29 , 0 0 0.02   0 0 0.24 , 22.361 , 23.7201140738196
2002 AJ129 , J ,  9104 ,   843 , 18 28 28.97 0 34 7.57 , 0 0 0.06   0 0 0.95 , 20.136 , 23.40102344244047
2005 NZ6 , J ,  2349 ,   516 , 15 59 0.48 -27 7 21.54 , 0 0 0.01   0 0 0.13 , 20.323 , 23.45276429888825
2004 DV24 ,OR , 14802 ,   495 , 8 34 25.29 -23 11 53.2 , 0 0 0.02   0 0 0.35 , 18.663 , 22.083683487038268
2004 DV24 ,OR , 15523 ,   864 , 1 33 16.74 -1 25 56.68 , 0 0 0.02   0 0 0.29 , 18.916 , 21.95276429888825
2002 TD66 , J ,  8202 ,   824 , 12 9 43.28 0 4 55.45 , 0 0 0.05   0 0 0.73 , 22.524 , 23.5
1999 AQ10 , J ,  8202 ,   824 , 12 24 28.11 -2 56 47.36 , 0 0 0.0   0 0 0.06 , 22.954 , 23.5
2002 QF15 , I ,  7753 ,   880 , 7 11 56.67 0 57 12.06 , 0 0 0.01   0 0 0.08 , 17.836 , 20.5
2011 GN44 ,OR , 14248 ,   327 , 14 32 17.99 -42 47 33.32 , 0 0 0.13   0 0 2.0 , 21.445 , 21.90102344244047
1997 US2 , J ,   792 ,   457 , 18 35 17.05 -28 29 9.17 , 0 0 0.04   0 0 0.64 , 21.582 , 23.2798859261804
2005 GC120 , J , 13995 ,   829 , 13 53 47.04 -1 24 50.8 , 0 0 0.01   0 0 0.17 , 23.155 , 23.62113751626007
2014 YS34 , J ,  7968 ,   727 , 16 1 49.63 -9 37 17.76 , 0 0 0.14   0 0 2.11 , 23.106 , 23.5
2014 YS34 , J ,  9343 ,   876 , 17 48 6.29 0 40 32.59 , 0 0 0.52   0 0 7.74 , 19.469 , 23.5
2014 YS34 , J , 12662 ,   812 , 20 31 9.04 -2 29 33.29 , 0 0 0.12   0 0 1.83 , 22.173 , 23.749465443631504
2014 YS34 , J , 13753 ,   889 , 21 52 43.53 0 15 52.74 , 0 0 0.06   0 0 0.94 , 23.344 , 23.5
2008 DE ,OR , 13849 ,   345 , 22 29 19.49 -42 57 50.04 , 0 0 0.02   0 0 0.35 , 21.309 , 22.12113751626007
2007 AE12 , J ,  9098 ,   650 , 14 11 35.42 -16 24 51.77 , 0 0 0.03   0 0 0.43 , 22.288 , 23.5
2007 AE12 , J ,  9353 ,   787 , 12 4 7.72 -2 18 3.85 , 0 0 0.03   0 0 0.39 , 20.371 , 23.5
2007 AE12 ,OR , 16627 ,   719 , 13 27 52.24 -10 27 16.02 , 0 0 0.12   0 0 1.73 , 17.243 , 22.043452632824014
2008 YU32 , J ,  5777 ,   857 , 23 19 42.61 -2 53 18.85 , 0 0 0.02   0 0 0.27 , 20.982 , 23.583683487038268
2008 YU32 ,OR , 15490 ,   786 , 11 28 23.97 -3 25 26.44 , 0 0 0.1   0 0 1.53 , 20.044 , 22.043452632824014
2011 EL11 , J ,  2349 ,   516 , 16 11 54.71 -27 20 51.76 , 0 0 0.32   0 0 4.81 , 22.981 , 23.45276429888825
1999 FA , J ,  4573 ,   157 , 4 14 26.08 -54 24 40.93 , 0 0 0.5   0 0 7.55 , 18.529 , 23.583683487038268
2008 QS11 , J ,  6138 ,   471 , 23 49 12.21 -31 31 49.51 , 0 0 0.12   0 0 1.78 , 20.982 , 23.543452632824014
1989 AC , J ,  2335 ,   524 , 19 11 3.38 -22 3 17.14 , 0 0 0.0   0 0 0.01 , 19.213 , 23.2798859261804
1989 AC ,OR , 14242 ,   584 , 16 7 27.42 -20 23 35.27 , 0 0 0.0   0 0 0.01 , 21.758 , 22.0
2014 JO25 , J ,  2275 ,   277 , 16 40 21.64 -42 22 14.16 , 0 0 0.01   0 0 0.11 , 23.064 , 23.343826579239625
2002 CY9 , R ,  6843 ,   165 , 8 46 25.97 -56 55 9.8 , 0 0 0.03   0 0 0.45 , 21.833 , 22.027310937020445
2016 CA136 , J ,  9113 ,   859 , 0 7 50.88 1 5 44.63 , 0 0 0.09   0 0 1.38 , 19.474 , 23.5
2016 CA136 ,OR , 16627 ,   719 , 13 30 11.26 -10 5 56.65 , 0 0 0.05   0 0 0.8 , 21.697 , 22.043452632824014
2010 DM56 , J ,  4851 ,   384 , 14 12 52.99 -35 24 25.7 , 0 0 0.11   0 0 1.65 , 22.1 , 23.5
2010 DM56 , J , 10658 ,   853 , 21 56 51.2 -2 18 5.62 , 0 0 0.07   0 0 1.03 , 22.255 , 23.656173420760375
2007 RF2 , J ,  2358 ,   513 , 14 52 57.09 -25 5 23.03 , 0 0 0.31   0 0 4.62 , 23.233 , 23.5
2007 RF2 ,OR , 14562 ,   462 , 20 14 20.92 -28 56 27.13 , 0 0 0.06   0 0 0.97 , 20.35 , 22.0
2019 OQ2 , J , 10244 ,   792 , 13 34 31.78 -5 8 16.26 , 0 0 0.08   0 0 1.19 , 22.322 , 23.68908459416331
2020 YQ3 , J ,  2399 ,   584 , 16 6 56.95 -18 57 18.86 , 0 1 33.22   0 23 18.27 , 22.875 , 23.5
2002 LV , J ,  6798 ,   844 , 18 51 8.43 0 17 35.16 , 0 0 0.01   0 0 0.14 , 20.683 , 23.52216095870054
2002 LV , I ,  7135 ,   879 , 6 34 35.38 0 26 43.84 , 0 0 0.01   0 0 0.16 , 19.194 , 20.5
2002 LV , R ,  7136 ,   879 , 6 34 48.88 0 26 33.72 , 0 0 0.01   0 0 0.16 , 19.195 , 22.027310937020445
2017 GM7 , J ,  2708 ,   478 , 2 18 14.82 -24 39 49.25 , 0 0 2.79   0 0 41.89 , 23.458 , 23.583683487038268
2002 DU3 , J , 16383 ,   825 , 12 28 49.76 -1 11 14.93 , 0 0 0.01   0 0 0.09 , 23.337 , 23.62113751626007
2012 FR1 , J ,  8365 ,   848 , 20 20 55.91 2 28 44.33 , 0 0 9.36   0 2 20.4 , 23.0 , 23.5
2000 UG11 , J , 13306 ,   885 , 20 51 15.49 -2 33 15.48 , 0 0 0.01   0 0 0.21 , 23.403 , 23.543452632824014
2012 FQ1 , J ,  5023 ,   861 , 0 49 48.79 1 49 2.06 , 0 0 0.97   0 0 14.6 , 22.697 , 23.543452632824014
1998 SZ27 , J ,  5773 ,   867 , 2 35 24.01 -1 1 49.26 , 0 0 0.03   0 0 0.49 , 22.983 , 23.602733445234186
1998 SZ27 , J , 13306 ,   885 , 8 28 50.88 1 7 50.23 , 0 0 0.06   0 0 0.87 , 22.744 , 23.543452632824014
2004 QT24 ,OR , 15624 ,   176 , 14 51 20.75 -57 31 44.83 , 0 0 0.02   0 0 0.3 , 19.5 , 22.0
2004 QT24 ,OR , 15629 ,   134 , 14 52 55.5 -57 6 52.45 , 0 0 0.02   0 0 0.3 , 19.56 , 21.843826579239625
2004 QT24 ,OR , 18103 ,   151 , 1 7 56.97 -54 36 24.59 , 0 0 0.04   0 0 0.57 , 18.521 , 22.0
2010 DW1 ,OR , 14097 ,    90 , 8 37 4.64 -66 1 20.39 , 0 0 0.14   0 0 2.13 , 19.502 , 21.942803136799157
2018 UY , J ,  8202 ,   824 , 12 10 15.48 0 9 14.65 , 0 0 0.03   0 0 0.43 , 22.326 , 23.5
2003 BR47 , J ,  9113 ,   859 , 23 53 20.81 1 12 1.55 , 0 0 1.13   0 0 16.88 , 23.36 , 23.5
2014 QK434 , J ,  8577 ,   646 , 12 54 46.34 -12 32 16.94 , 0 0 0.31   0 0 4.59 , 23.08 , 23.5
2004 BL86 ,OR , 12630 ,   880 , 19 2 1.04 0 0 18.72 , 0 0 0.03   0 0 0.49 , 21.813 , 22.23966299170357
2001 AD2 , I , 14270 ,   860 , 0 8 48.06 1 25 40.98 , 0 0 0.03   0 0 0.49 , 19.505 , 20.5
2000 RS11 , J , 10971 ,   862 , 0 54 36.14 1 57 23.22 , 0 0 0.01   0 0 0.13 , 21.432 , 23.66957825250009
2017 SV20 ,OR , 17296 ,   196 , 1 27 56.92 -49 4 50.09 , 0 0 0.06   0 0 0.88 , 20.454 , 22.0
2006 VQ13 , J , 11340 ,   890 , 10 13 58.93 0 23 2.26 , 0 0 0.02   0 0 0.36 , 23.353 , 23.7201140738196
2008 DK5 , J ,  8202 ,   824 , 12 13 55.74 0 34 0.84 , 0 0 0.03   0 0 0.4 , 23.005 , 23.5
2004 MD6 , J , 11340 ,   890 , 10 26 30.86 1 2 26.52 , 0 0 0.05   0 0 0.69 , 20.276 , 23.7201140738196
2001 TX44 , J ,  5087 ,   866 , 2 15 29.05 1 40 54.16 , 0 0 0.01   0 0 0.13 , 22.487 , 23.543452632824014
2000 YF29 , I ,  7037 ,   870 , 15 36 45.88 0 23 46.36 , 0 0 0.1   0 0 1.49 , 19.942 , 20.5
1977 HA , J , 13285 ,   832 , 14 50 2.03 1 31 56.17 , 0 0 0.07   0 0 1.06 , 22.13 , 23.656173420760375
2001 FM129 , I , 13299 ,   893 , 11 31 59.9 2 7 56.68 , 0 0 0.0   0 0 0.06 , 20.175 , 20.5
2001 FM129 ,OR , 14242 ,   584 , 16 3 18.82 -22 55 41.2 , 0 0 0.01   0 0 0.1 , 20.396 , 22.0
2001 FM129 ,OR , 14255 ,   516 , 16 1 53.01 -22 53 30.34 , 0 0 0.01   0 0 0.1 , 20.349 , 21.90102344244047
2001 FM129 , I , 18622 ,   894 , 11 49 22.88 1 37 16.14 , 0 0 0.01   0 0 0.18 , 19.617 , 20.5
2004 HE12 , J , 10658 ,   853 , 22 4 59.67 -1 8 28.0 , 0 0 0.04   0 0 0.57 , 22.302 , 23.656173420760375
2011 OB ,OR , 15689 ,   103 , 18 9 54.35 -63 22 30.11 , 0 0 0.03   0 0 0.42 , 19.477 , 21.95276429888825
2016 WJ7 , J ,  2276 ,   279 , 17 26 59.29 -47 26 5.93 , 0 8 32.26   2 8 3.87 , 20.469 , 23.343826579239625
2016 WJ7 , J ,  2359 ,   390 , 16 10 19.27 -35 22 34.46 , 0 6 27.5   1 36 52.48 , 21.097 , 23.40102344244047
2016 WJ7 , J ,  2386 ,   450 , 15 55 59.12 -28 56 34.04 , 0 4 4.52   1 1 7.76 , 22.642 , 23.40102344244047
2008 QT3 , J ,  5777 ,   857 , 23 30 58.46 1 17 55.03 , 0 0 0.09   0 0 1.32 , 21.721 , 23.583683487038268
2011 HF ,OR , 14848 ,   783 , 10 40 17.47 -4 48 0.14 , 0 0 0.05   0 0 0.7 , 21.242 , 22.083683487038268
2018 UQ1 , J ,  9348 ,   720 , 13 41 19.83 -12 1 50.05 , 0 0 0.36   0 0 5.34 , 23.34 , 23.5
2010 WZ8 ,OR , 10970 ,   639 , 10 42 6.25 -12 30 59.08 , 0 0 0.77   0 0 11.55 , 19.171 , 22.135424343486047
2000 MU1 , J ,  9309 ,   855 , 22 36 56.34 2 57 57.64 , 0 0 0.01   0 0 0.16 , 21.48 , 23.5
2000 MU1 , I , 18684 ,   693 , 4 31 9.23 -9 57 4.97 , 0 0 0.03   0 0 0.47 , 20.242 , 20.5
2000 MU1 , I , 18698 ,   690 , 3 48 18.04 -7 20 5.32 , 0 0 0.03   0 0 0.42 , 20.266 , 20.5
2000 SL10 , J ,  9097 ,   788 , 12 18 2.22 -5 0 50.87 , 0 7 58.31   1 59 34.6 , 21.739 , 23.5
2007 VD12 , J , 13995 ,   829 , 14 8 13.09 -1 4 21.72 , 0 0 0.01   0 0 0.18 , 21.597 , 23.62113751626007
2006 VV2 , J ,  8837 ,   678 , 23 31 24.94 -12 25 20.75 , 0 0 0.01   0 0 0.11 , 22.095 , 23.5
2006 VV2 , J ,  8858 ,   749 , 23 15 34.75 -12 30 30.82 , 0 0 0.01   0 0 0.1 , 22.363 , 23.5
2006 VV2 , I , 10299 ,   104 , 18 56 59.89 -63 8 6.9 , 0 0 0.01   0 0 0.2 , 20.165 , 20.5
2008 BT18 ,OR , 16757 ,   830 , 2 14 12.8 0 26 55.39 , 0 0 0.01   0 0 0.19 , 21.475 , 22.156173420760375
2004 LV3 , R ,  8474 ,   627 , 6 29 29.18 -17 16 43.32 , 0 0 0.02   0 0 0.24 , 21.496 , 22.027310937020445
2004 LV3 , I , 15583 ,   232 , 19 21 43.86 -50 23 35.84 , 0 0 0.03   0 0 0.39 , 19.523 , 20.5
2020 BW14 , J , 10158 ,   860 , 12 10 3.29 1 43 26.9 , 0 0 0.31   0 0 4.72 , 23.614 , 23.62113751626007
2009 CB3 , J , 16383 ,   825 , 12 34 45.45 -2 23 1.86 , 0 0 0.01   0 0 0.09 , 22.152 , 23.62113751626007
2015 RH2 , J ,  2928 ,   577 , 13 34 54.56 -18 55 20.46 , 0 0 0.82   0 0 12.37 , 18.896 , 23.583683487038268
2020 OP3 , J ,  2410 ,   185 , 19 48 50.43 -55 18 35.86 , 0 1 25.31   0 21 19.7 , 22.168 , 23.5
2020 OP3 , J ,  7238 ,   893 , 11 12 7.13 -2 27 17.82 , 0 0 22.27   0 5 34.12 , 23.362 , 23.7201140738196
2020 OP3 , J ,  7903 ,   674 , 22 9 27.79 -13 50 23.42 , 0 0 38.84   0 9 42.59 , 21.876 , 23.5
2004 OB , I ,  6304 ,   661 , 17 56 15.76 -17 52 49.01 , 0 0 0.02   0 0 0.24 , 19.608 , 20.5
2004 OB , R ,  6305 ,   661 , 17 56 15.15 -17 53 20.36 , 0 0 0.02   0 0 0.24 , 19.609 , 22.18348435778082
2000 EV70 , J ,   785 ,   518 , 17 1 22.08 -26 32 5.78 , 0 0 0.08   0 0 1.2 , 18.322 , 23.343826579239625
2000 EV70 , J ,  8202 ,   824 , 12 25 58.36 -2 21 31.93 , 0 0 0.0   0 0 0.05 , 22.201 , 23.5
2000 EV70 , J , 16383 ,   825 , 12 28 58.49 -2 31 4.51 , 0 0 0.0   0 0 0.04 , 22.522 , 23.62113751626007
2014 WG365 , J ,  8839 ,   619 , 3 58 13.32 -16 29 44.12 , 0 0 0.34   0 0 5.07 , 21.946 , 23.5
2014 WG365 ,OR , 14581 ,   827 , 13 20 45.7 0 1 14.27 , 0 0 0.04   0 0 0.58 , 21.907 , 22.0
1990 UA ,OR , 12550 ,   859 , 12 11 15.1 2 19 10.56 , 0 0 0.04   0 0 0.64 , 19.194 , 22.249465443631504
2015 KJ57 , J ,  2318 ,   514 , 15 18 16.92 -23 43 10.63 , 0 0 0.13   0 0 1.95 , 21.413 , 23.5
2015 KJ57 , J ,  2358 ,   513 , 14 55 57.61 -22 57 6.23 , 0 0 0.13   0 0 1.95 , 21.553 , 23.5
2015 KJ57 , J ,  2395 ,   579 , 14 10 20.58 -20 18 7.31 , 0 0 0.09   0 0 1.32 , 21.957 , 23.5
2015 KJ57 , J ,  2398 ,   578 , 14 9 36.24 -20 14 36.89 , 0 0 0.09   0 0 1.29 , 21.97 , 23.5
2014 ER49 , I , 16717 ,   241 , 23 44 35.66 -42 41 17.81 , 0 0 0.61   0 0 9.22 , 18.316 , 20.5
1994 CN2 , J , 10158 ,   860 , 0 9 4.12 0 19 1.38 , 0 0 0.13   0 0 1.89 , 19.221 , 23.62113751626007
1998 FH12 , J ,  9113 ,   859 , 23 49 21.19 -2 26 53.41 , 0 0 0.05   0 0 0.82 , 19.371 , 23.5
1998 FH12 , I , 17060 ,   726 , 15 46 2.29 -11 58 32.02 , 0 0 0.01   0 0 0.13 , 20.387 , 20.5
2013 CT82 , J ,  9149 ,   717 , 12 42 55.81 -7 23 56.26 , 0 0 0.05   0 0 0.78 , 22.781 , 23.5
2013 CT82 , J , 10158 ,   860 , 0 17 56.46 2 48 7.38 , 0 0 0.28   0 0 4.18 , 20.391 , 23.62113751626007
2001 WS1 , J ,  8452 ,   719 , 13 10 6.65 -11 28 22.58 , 0 0 0.02   0 0 0.28 , 22.879 , 23.5
2003 MA3 , J ,  7700 ,   653 , 15 28 3.24 -15 4 7.18 , 0 0 0.08   0 0 1.15 , 21.98 , 23.5
1998 SF36 , J ,  8202 ,   824 , 12 30 42.1 -2 8 32.21 , 0 0 0.0   0 0 0.01 , 22.028 , 23.5
1984 QA ,OR , 17358 ,  543A , 1 51 58.08 -18 35 35.34 , 0 0 0.02   0 0 0.3 , 18.836 , 21.933679088372283
2018 XH , J ,  3410 ,   595 , 19 46 5.45 -20 28 16.28 , 0 0 5.64   0 1 24.61 , 22.923 , 23.62113751626007
2018 XH ,OR , 14895 ,   452 , 16 17 25.31 -27 10 36.08 , 0 1 52.98   0 28 14.67 , 20.794 , 21.90102344244047
2001 HB , J ,  7906 ,   800 , 16 29 46.77 -6 49 51.74 , 0 0 0.04   0 0 0.6 , 23.492 , 23.5
2001 ME1 , J ,  8538 ,   723 , 14 36 49.78 -9 34 35.22 , 0 0 0.01   0 0 0.08 , 22.044 , 23.5
2001 OY13 , J , 13130 ,   858 , 23 48 39.42 0 49 21.04 , 0 0 0.02   0 0 0.29 , 22.433 , 23.543452632824014
2003 XB22 , J ,  5311 ,   114 , 1 42 48.16 -60 59 10.36 , 0 0 0.05   0 0 0.73 , 20.411 , 23.583683487038268
2003 XB22 ,OR , 16887 ,   834 , 15 32 37.52 -1 19 55.09 , 0 0 0.02   0 0 0.25 , 21.508 , 22.156173420760375
2012 QG42 , I , 11250 ,   401 , 21 0 40.03 -35 40 10.88 , 0 0 0.09   0 0 1.3 , 20.007 , 20.656173420760375
2012 QG42 ,OR , 13204 ,   389 , 16 7 25.97 -35 52 0.01 , 0 0 0.05   0 0 0.68 , 21.969 , 22.0
2012 QG42 ,OR , 14347 ,   219 , 12 42 55.23 -52 32 3.91 , 0 0 0.24   0 0 3.54 , 19.002 , 22.59640156839958
2009 TK12 ,OR , 13675 ,   388 , 15 31 46.72 -34 31 5.2 , 0 0 0.15   0 0 2.29 , 17.382 , 22.0
1982 HR , J ,  7730 ,   871 , 15 48 11.34 -1 19 23.59 , 0 0 0.09   0 0 1.32 , 14.96 , 23.5
1982 HR , I , 13299 ,   893 , 23 31 53.34 0 21 51.98 , 0 0 0.02   0 0 0.23 , 18.621 , 20.5
2000 PN9 , J ,  8627 ,   874 , 5 7 17.06 0 25 57.83 , 0 0 0.0   0 0 0.06 , 17.868 , 23.5
2006 OC5 ,OR , 14493 ,   590 , 18 9 54.0 -21 23 40.09 , 0 0 0.01   0 0 0.22 , 18.606 , 21.843826579239625
2006 OC5 ,OR , 14542 ,   521 , 17 45 49.91 -24 0 55.91 , 0 0 0.02   0 0 0.32 , 18.596 , 21.7798859261804
2005 GP21 , J ,  9309 ,   855 , 10 46 23.83 1 16 32.45 , 0 0 0.03   0 0 0.52 , 23.203 , 23.5
1989 UQ ,OR , 13446 ,   751 , 23 53 18.57 -7 35 7.98 , 0 0 0.03   0 0 0.4 , 17.894 , 22.043452632824014
2018 GJ1 , J ,  9597 ,   834 , 3 36 7.13 -2 34 48.04 , 0 4 52.09   1 13 1.4 , 19.275 , 23.5
2008 EV5 , J ,  8202 ,   824 , 12 28 29.04 1 11 19.9 , 0 0 2.1   0 0 31.57 , 22.608 , 23.5
2007 XH16 ,OR , 13623 ,   845 , 19 17 45.98 1 50 57.01 , 0 0 0.02   0 0 0.23 , 21.65 , 21.90102344244047
2007 XH16 ,OR , 17813 ,   832 , 14 51 22.1 -2 2 37.86 , 0 0 0.01   0 0 0.11 , 21.919 , 22.0
2016 JJ24 ,OR , 12607 ,   874 , 17 3 19.71 -1 52 18.19 , 0 0 0.52   0 0 7.78 , 21.981 , 22.249465443631504
2016 JJ24 , J , 12675 ,   870 , 15 30 25.86 -1 59 57.08 , 0 0 0.16   0 0 2.47 , 22.54 , 23.777310937020445
2006 UK , J ,  2344 ,   590 , 18 21 10.2 -20 15 30.64 , 0 0 0.04   0 0 0.62 , 20.447 , 23.2798859261804
2006 UK , J ,  2388 ,   587 , 17 14 34.16 -18 14 9.02 , 0 0 0.04   0 0 0.62 , 20.964 , 23.45276429888825
2016 HV3 , J ,  8522 ,   783 , 10 41 31.02 -7 16 34.54 , 0 0 0.06   0 0 0.87 , 22.99 , 23.5
2011 LL2 , I , 15838 ,   551 , 4 31 34.71 -18 16 30.76 , 0 0 0.37   0 0 5.5 , 19.287 , 20.5
2016 NV , J , 12465 ,   854 , 22 21 48.81 -1 15 15.19 , 0 0 0.08   0 0 1.27 , 22.367 , 23.876287494579977
2006 XG1 , J ,  1593 ,   289 , 22 29 12.21 -46 52 17.51 , 0 0 0.28   0 0 4.2 , 20.88 , 23.40102344244047
2020 KR4 , J , 13995 ,   829 , 13 48 24.2 -2 38 9.35 , 0 5 23.75   1 20 56.21 , 22.872 , 23.62113751626007
2000 DP107 , I , 14188 ,   858 , 23 37 16.4 -2 6 7.06 , 0 0 0.0   0 0 0.01 , 20.458 , 20.5
1978 CA , I , 12254 ,   829 , 13 56 47.53 -2 42 2.99 , 0 0 0.0   0 0 0.02 , 19.245 , 20.5
2012 XD112 , J ,  9361 ,   672 , 21 35 22.2 -12 9 16.38 , 0 0 0.05   0 0 0.82 , 21.146 , 23.5
2012 XD112 , J , 16383 ,   825 , 12 34 0.05 -1 49 39.86 , 0 0 0.02   0 0 0.34 , 23.143 , 23.62113751626007
2020 DB5 , J , 13285 ,   832 , 3 10 58.12 1 19 59.05 , 0 0 0.06   0 0 0.88 , 22.424 , 23.656173420760375
2001 BO61 ,OR , 13413 ,   681 , 0 32 45.44 -8 31 4.22 , 0 0 0.02   0 0 0.34 , 20.516 , 22.043452632824014
2003 UX34 , J ,  9113 ,   859 , 0 4 41.13 0 38 40.56 , 0 0 0.0   0 0 0.03 , 23.243 , 23.5
2012 OQ , J ,  8481 ,   712 , 10 53 15.01 -10 56 39.84 , 0 0 0.03   0 0 0.48 , 23.126 , 23.5
2013 NK4 ,OR , 13204 ,   389 , 16 1 50.71 -33 41 54.13 , 0 0 0.07   0 0 1.08 , 20.312 , 22.0
2013 NK4 , I , 15609 ,   579 , 14 14 11.12 -22 39 15.08 , 0 0 0.1   0 0 1.43 , 20.296 , 20.5
2015 BL311 ,OR , 15340 ,   858 , 23 50 46.08 -1 3 30.46 , 0 0 0.48   0 0 7.22 , 21.603 , 22.083683487038268
1998 OR2 ,OR , 12837 ,   825 , 0 31 18.71 1 49 7.5 , 0 0 0.0   0 0 0.05 , 21.72 , 22.12113751626007
2007 HA , R ,  5722 ,   173 , 12 59 6.84 -57 13 17.44 , 0 0 0.27   0 0 4.04 , 20.935 , 22.027310937020445
2004 LJ1 , J ,  7094 ,   887 , 9 25 51.99 -2 42 2.45 , 0 0 0.01   0 0 0.14 , 20.901 , 23.62113751626007
2004 LJ1 , J , 10157 ,   709 , 9 54 0.28 -12 2 31.24 , 0 0 0.01   0 0 0.16 , 21.195 , 23.62113751626007
2004 LJ1 , I , 14824 ,   502 , 10 56 11.31 -24 27 5.18 , 0 0 0.01   0 0 0.17 , 20.444 , 20.5
2004 LJ1 ,OR , 16502 ,   498 , 9 28 13.56 -24 20 50.6 , 0 0 0.01   0 0 0.2 , 19.119 , 22.156173420760375
1999 RR28 , J ,  7905 ,   724 , 14 58 57.01 -7 52 37.52 , 0 0 0.01   0 0 0.11 , 22.683 , 23.5
2020 AD3 ,OR , 14220 ,   855 , 10 50 39.99 0 39 31.1 , 0 0 0.5   0 0 7.56 , 21.812 , 22.043452632824014
2012 SD22 , J ,  5779 ,   868 , 15 5 44.8 -1 42 34.56 , 0 0 0.06   0 0 0.92 , 21.429 , 23.583683487038268
2011 BN24 ,OR , 12762 ,   742 , 21 7 21.02 -11 56 52.08 , 0 0 0.42   0 0 6.29 , 21.387 , 22.18908459416331
1994 CC , J ,  7238 ,   893 , 11 10 33.19 2 6 39.6 , 0 0 0.01   0 0 0.17 , 22.033 , 23.7201140738196
2006 DP14 , J ,  1319 ,   387 , 15 0 5.0 -33 45 4.54 , 0 0 0.02   0 0 0.3 , 22.719 , 23.68908459416331
2006 DP14 ,OR , 14629 ,   823 , 11 50 47.42 0 45 26.57 , 0 0 0.0   0 0 0.04 , 21.842 , 22.0
1998 QS52 , J ,  8630 ,   886 , 21 4 41.23 -1 2 6.4 , 0 0 0.01   0 0 0.09 , 19.509 , 23.5
1998 QS52 , J ,  9105 ,   851 , 21 26 30.63 -2 13 30.54 , 0 0 0.0   0 0 0.05 , 21.282 , 23.5
1998 QS52 , J , 12465 ,   854 , 22 8 30.34 2 57 3.71 , 0 0 0.0   0 0 0.05 , 21.059 , 23.876287494579977
2005 YP180 , J , 12752 ,   894 , 11 38 13.22 0 29 24.11 , 0 0 0.01   0 0 0.13 , 23.523 , 23.629754651194947
2000 GK137 , I , 11504 ,   839 , 5 16 21.57 2 54 25.6 , 0 0 0.02   0 0 0.24 , 19.447 , 20.5
1997 NC1 , I , 14335 ,   865 , 1 53 4.51 2 51 59.18 , 0 0 0.02   0 0 0.31 , 19.903 , 20.5
1997 NC1 ,OR , 17016 ,   863 , 1 16 9.03 0 46 43.93 , 0 0 0.02   0 0 0.34 , 19.532 , 22.12113751626007
1991 AQ , I , 16289 ,   597 , 20 37 32.02 -21 11 38.0 , 0 0 0.03   0 0 0.52 , 15.676 , 20.5
2016 CO247 , J ,  2287 ,   222 , 14 39 15.45 -49 57 55.58 , 0 0 0.28   0 0 4.24 , 23.009 , 23.40102344244047
2016 CO247 , J ,  5777 ,   857 , 23 23 8.31 2 47 48.77 , 0 0 0.42   0 0 6.35 , 21.873 , 23.583683487038268
2002 RW25 ,OR , 12550 ,   859 , 0 0 31.17 0 40 37.09 , 0 0 0.01   0 0 0.15 , 21.446 , 22.249465443631504
1989 VB , I , 13148 ,   459 , 19 0 18.78 -27 15 55.55 , 0 0 0.02   0 0 0.27 , 20.488 , 20.5
1989 VB ,OR , 13417 ,   822 , 23 41 7.05 -3 34 44.8 , 0 0 0.15   0 0 2.31 , 15.826 , 22.043452632824014
1990 MF ,OR , 12550 ,   859 , 23 55 45.85 0 35 34.26 , 0 0 0.0   0 0 0.03 , 21.325 , 22.249465443631504
2001 SN289 ,OR , 17201 ,   354 , 2 1 25.42 -35 5 37.68 , 0 0 0.05   0 0 0.72 , 18.683 , 22.043452632824014
1998 ML14 , I , 14191 ,   859 , 0 7 14.57 1 40 37.52 , 0 0 0.01   0 0 0.09 , 19.616 , 20.5
2001 SG10 ,OR , 12222 ,   672 , 21 37 27.48 -16 22 28.2 , 0 0 0.05   0 0 0.72 , 19.701 , 22.249465443631504
2001 SG10 , I , 16355 ,   748 , 23 11 23.12 -9 18 11.05 , 0 0 0.06   0 0 0.96 , 18.3 , 20.5
2018 LG16 ,OR , 17689 ,   150 , 0 19 19.79 -55 12 34.24 , 0 0 1.06   0 0 15.89 , 21.625 , 22.0
2015 AR45 , J ,  5779 ,   868 , 14 53 47.78 1 14 40.92 , 0 0 0.27   0 0 4.12 , 22.275 , 23.583683487038268
2009 DH39 , J ,  5099 ,   863 , 1 9 17.98 0 19 28.02 , 0 0 0.02   0 0 0.32 , 22.46 , 23.627613156889797
2004 OT11 ,OR , 12456 ,   847 , 8 4 56.55 0 54 23.33 , 0 0 0.11   0 0 1.61 , 19.812 , 22.277310937020445
2005 XJ8 ,OR , 16430 ,   479 , 2 25 5.89 -22 11 18.74 , 0 0 0.01   0 0 0.21 , 20.716 , 22.043452632824014
2006 XD2 , I , 16195 ,   463 , 20 52 19.67 -28 46 7.1 , 0 0 0.03   0 0 0.52 , 20.216 , 20.5
2001 HA4 , J ,  1562 ,   385 , 14 37 38.97 -37 21 6.84 , 0 0 0.04   0 0 0.65 , 22.633 , 23.2798859261804
2012 XO111 , J ,  4912 ,   273 , 14 55 50.83 -45 19 1.09 , 0 0 2.32   0 0 34.75 , 18.672 , 23.512521400946905
2003 SD220 , J ,  5777 ,   857 , 23 19 38.77 0 29 33.04 , 0 0 0.0   0 0 0.04 , 19.449 , 23.583683487038268
1998 KN3 , J ,  9098 ,   650 , 14 20 12.55 -16 59 21.12 , 0 0 0.02   0 0 0.24 , 23.261 , 23.5
2004 UL , J ,  5087 ,   866 , 2 31 33.16 -1 12 59.36 , 0 0 0.05   0 0 0.81 , 21.368 , 23.543452632824014
2004 UL , J , 11342 ,   415 , 2 17 39.25 -30 59 58.24 , 0 0 0.07   0 0 1.06 , 20.249 , 23.7201140738196
2004 UL , I , 15786 ,    47 , 20 56 7.92 -75 11 4.13 , 0 0 0.13   0 0 2.01 , 19.587 , 20.5
2004 UL , J , 16381 ,   755 , 1 8 46.65 -7 50 0.92 , 0 0 0.02   0 0 0.32 , 19.356 , 23.829051793468228
1999 TF211 , J ,  5777 ,   857 , 23 31 25.1 0 48 39.53 , 0 0 0.01   0 0 0.21 , 21.384 , 23.583683487038268
1999 TF211 , I , 15730 ,   142 , 20 0 3.57 -61 53 19.93 , 0 0 0.03   0 0 0.38 , 20.415 , 20.5
2016 JC6 , J , 12752 ,   894 , 11 49 42.17 -1 31 0.84 , 0 0 0.32   0 0 4.79 , 23.381 , 23.629754651194947
2005 EE , J , 11173 ,   797 , 15 22 27.9 -4 54 13.18 , 0 0 0.04   0 0 0.56 , 21.032 , 23.656173420760375
2008 DG5 ,OR , 12995 ,   857 , 23 8 23.74 -2 39 2.23 , 0 0 0.01   0 0 0.16 , 22.04 , 22.043452632824014
1997 QK1 ,OR , 17589 ,   646 , 13 1 49.37 -14 33 44.42 , 0 0 0.03   0 0 0.38 , 20.845 , 22.0
1997 QK1 , I , 17742 ,   812 , 20 23 26.92 -5 29 36.38 , 0 0 0.03   0 0 0.44 , 18.249 , 20.5
2005 JS108 , I , 16175 ,   821 , 23 16 14.37 -2 38 3.16 , 0 0 0.06   0 0 0.88 , 16.968 , 20.5
2015 AY245 ,OR , 14493 ,   590 , 18 9 23.53 -20 3 25.56 , 0 0 0.08   0 0 1.15 , 21.206 , 21.843826579239625
2015 FV284 , J ,  8836 ,   816 , 21 35 25.08 -3 39 6.16 , 0 0 10.17   0 2 32.56 , 22.739 , 23.5
2000 SP43 ,OR , 12995 ,   857 , 23 31 33.45 0 3 41.9 , 0 0 0.0   0 0 0.03 , 21.421 , 22.043452632824014
1990 HA ,OR , 13446 ,   751 , 23 49 21.51 -4 33 34.06 , 0 0 0.06   0 0 0.89 , 18.631 , 22.043452632824014
2006 SF6 , J , 12752 ,   894 , 11 39 4.39 0 35 51.76 , 0 0 0.01   0 0 0.11 , 20.99 , 23.629754651194947
2011 QD48 , J ,   818 ,   278 , 17 1 2.84 -47 49 16.21 , 0 0 0.01   0 0 0.21 , 22.224 , 23.2798859261804
2011 QD48 , J ,  4391 ,   183 , 19 0 56.29 -52 23 34.15 , 0 0 0.02   0 0 0.28 , 21.507 , 23.583683487038268
2011 QD48 ,OR , 15525 ,   180 , 16 58 1.98 -54 24 10.66 , 0 0 0.02   0 0 0.33 , 20.359 , 21.843826579239625
2011 QD48 ,OR , 15596 ,   223 , 14 49 52.78 -51 54 52.52 , 0 0 0.02   0 0 0.36 , 20.845 , 21.90102344244047
2011 QD48 ,OR , 15605 ,   222 , 14 44 44.71 -50 42 13.32 , 0 0 0.02   0 0 0.35 , 20.984 , 21.90102344244047
2005 CZ36 , J ,  8140 ,   761 , 3 12 0.04 -7 31 47.57 , 0 0 0.03   0 0 0.5 , 21.254 , 23.543452632824014
2005 CZ36 , J ,  8213 ,   686 , 2 22 1.8 -12 4 28.85 , 0 0 0.04   0 0 0.55 , 21.37 , 23.5
2007 CA19 , J ,  9113 ,   859 , 23 59 41.25 -1 7 41.59 , 0 0 0.03   0 0 0.45 , 19.593 , 23.5
2005 VC , J ,  8841 ,   670 , 20 50 39.93 -12 7 4.22 , 0 0 0.09   0 0 1.28 , 23.053 , 23.5
2001 VC2 , J ,  9104 ,   843 , 18 47 31.99 2 32 0.56 , 0 0 0.03   0 0 0.48 , 22.269 , 23.40102344244047
2007 TA19 ,OR , 16412 ,   414 , 1 42 51.2 -31 16 3.86 , 0 0 0.45   0 0 6.71 , 20.592 , 22.0
1998 CS1 , J ,  8153 ,   831 , 2 35 3.72 1 25 21.9 , 0 0 0.01   0 0 0.12 , 20.788 , 23.543452632824014
1998 CS1 , J ,  8230 ,   828 , 1 47 58.54 -2 17 37.21 , 0 0 0.01   0 0 0.12 , 20.901 , 23.543452632824014
1998 CS1 , J , 10971 ,   862 , 1 9 30.46 1 29 4.06 , 0 0 0.0   0 0 0.06 , 22.308 , 23.66957825250009
1998 CS1 ,OR , 14334 ,   861 , 0 32 11.3 -1 34 57.29 , 0 0 0.0   0 0 0.07 , 21.791 , 22.0
1989 PB ,OR , 13771 ,   336 , 18 41 16.84 -38 40 52.79 , 0 0 0.0   0 0 0.03 , 16.919 , 21.90102344244047
1989 PB , I , 15538 ,   374 , 10 10 41.36 -35 4 4.48 , 0 0 0.0   0 0 0.07 , 15.979 , 20.5
1989 PB , I , 19288 ,   828 , 13 51 38.05 -1 47 15.07 , 0 0 0.0   0 0 0.02 , 20.0 , 20.5
2004 RE84 ,OR , 14523 ,   893 , 23 15 48.88 -1 38 42.43 , 0 0 0.02   0 0 0.28 , 20.648 , 22.0
2004 RE84 , I , 16013 ,   644 , 12 29 16.86 -14 56 36.38 , 0 0 0.04   0 0 0.56 , 18.903 , 20.5
2006 WJ3 , J ,  8857 ,   888 , 9 44 41.74 2 40 30.76 , 0 0 0.01   0 0 0.2 , 22.29 , 23.5
2012 BB124 , J ,  2550 ,    27 , 22 12 42.33 -82 6 28.94 , 0 0 0.71   0 0 10.64 , 18.356 , 23.5
1998 SL36 , J ,  2279 ,   265 , 11 11 40.38 -44 13 43.03 , 0 0 0.17   0 0 2.6 , 20.528 , 23.45276429888825
2009 AV ,OR , 13268 ,   660 , 17 42 1.46 -17 38 9.2 , 0 0 0.27   0 0 4.07 , 17.275 , 22.12113751626007
2011 CC22 , J ,  5538 ,   161 , 6 19 20.01 -52 46 11.82 , 0 0 0.26   0 0 3.97 , 21.935 , 23.543452632824014
2003 TK2 , J , 10148 ,   716 , 12 31 27.29 -8 26 43.48 , 0 0 0.77   0 0 11.54 , 21.605 , 23.543452632824014
2004 TB18 , J ,  5391 ,   530 , 21 4 29.92 -26 18 8.21 , 0 0 0.01   0 0 0.21 , 22.049 , 23.543452632824014
2011 WO41 , J , 11455 ,   542 , 1 31 53.52 -19 4 6.2 , 0 0 0.03   0 0 0.42 , 21.622 , 23.7201140738196
2010 TX168 ,OR , 14362 ,   132 , 13 10 11.22 -58 35 36.92 , 0 0 0.08   0 0 1.17 , 20.53 , 21.7798859261804
2009 VZ , J ,  8545 ,   852 , 9 30 42.59 0 4 56.64 , 0 0 0.05   0 0 0.79 , 23.147 , 23.5
2015 TE323 , I , 13764 ,   873 , 16 33 59.56 -2 16 15.28 , 0 0 0.2   0 0 2.95 , 19.981 , 20.5
2006 UL217 , J ,  7700 ,   653 , 15 32 8.75 -17 28 16.36 , 0 0 0.06   0 0 0.89 , 21.849 , 23.5
2007 GS3 ,OR , 14220 ,   855 , 22 47 12.67 0 6 54.47 , 0 0 0.01   0 0 0.12 , 21.568 , 22.043452632824014
2001 XR30 , J ,  8196 ,   891 , 10 47 20.07 0 2 59.75 , 0 0 0.04   0 0 0.56 , 23.268 , 23.5
2006 UQ17 , J ,  5276 ,   598 , 21 1 26.22 -20 9 26.53 , 0 0 0.57   0 0 8.56 , 23.438 , 23.543452632824014
2000 AZ93 , J ,  5779 ,   868 , 3 1 58.1 -2 25 57.4 , 0 0 0.22   0 0 3.36 , 22.851 , 23.583683487038268
2001 TC45 ,OR , 14987 ,   789 , 12 34 58.09 -4 46 56.14 , 0 0 0.05   0 0 0.72 , 21.943 , 22.0
1991 EE , I , 14551 ,   671 , 21 18 15.76 -13 0 56.38 , 0 0 0.04   0 0 0.53 , 13.358 , 20.5
1996 EN , J ,  4739 ,   429 , 7 43 34.95 -30 40 11.39 , 0 0 0.01   0 0 0.18 , 19.922 , 23.583683487038268
1996 EN , I ,  6743 ,   630 , 7 51 39.0 -12 33 57.38 , 0 0 0.01   0 0 0.16 , 19.291 , 20.5
1996 EN , R ,  6744 ,   630 , 7 51 33.79 -12 31 57.79 , 0 0 0.01   0 0 0.16 , 19.292 , 22.027310937020445
1996 EN , I ,  6758 ,   702 , 7 49 23.63 -11 37 54.48 , 0 0 0.01   0 0 0.16 , 19.31 , 20.5
1996 EN ,OR , 11414 ,   890 , 10 28 36.56 -1 49 9.77 , 0 0 0.0   0 0 0.06 , 20.884 , 21.843826579239625
1996 EN ,OR , 12837 ,   825 , 12 33 41.2 -1 5 5.1 , 0 0 0.0   0 0 0.07 , 20.157 , 22.12113751626007
1996 EN ,OR , 14720 ,   430 , 8 2 19.66 -27 56 32.96 , 0 0 0.01   0 0 0.16 , 19.794 , 22.0
1996 EN , I , 19288 ,   828 , 13 28 54.69 0 41 34.8 , 0 0 0.0   0 0 0.06 , 19.762 , 20.5
2010 LE15 , J , 16383 ,   825 , 12 47 11.1 -2 31 53.65 , 0 0 0.01   0 0 0.1 , 20.896 , 23.62113751626007
1991 CS , J ,  8202 ,   824 , 12 20 56.15 -2 45 30.56 , 0 0 0.0   0 0 0.04 , 20.231 , 23.5
1991 CS , I , 11500 ,   838 , 17 7 8.77 -2 50 52.08 , 0 0 0.0   0 0 0.03 , 20.38 , 20.5
1991 CS ,OR , 12550 ,   859 , 23 55 11.41 2 7 22.44 , 0 0 0.0   0 0 0.02 , 19.968 , 22.249465443631504
1991 CS ,OR , 12837 ,   825 , 12 44 3.33 0 15 20.48 , 0 0 0.0   0 0 0.04 , 20.31 , 22.12113751626007
1991 CS , I , 12929 ,   836 , 16 30 55.07 1 16 23.88 , 0 0 0.0   0 0 0.04 , 20.498 , 20.5
1991 CS ,OR , 14144 ,   310 , 7 11 9.6 -42 20 42.36 , 0 0 0.02   0 0 0.25 , 16.351 , 21.95276429888825
2005 NJ1 , I ,  6156 ,   457 , 18 34 15.25 -31 42 56.7 , 0 0 0.08   0 0 1.21 , 18.697 , 20.5
2005 NJ1 , R ,  6157 ,   457 , 18 33 59.87 -31 42 38.88 , 0 0 0.08   0 0 1.21 , 18.696 , 22.027310937020445
2013 BK18 , J ,  4601 ,   350 , 0 36 30.88 -35 7 11.14 , 0 0 0.02   0 0 0.27 , 23.517 , 23.583683487038268
2004 NL8 , J , 10165 ,   725 , 15 23 40.2 -12 13 40.01 , 0 0 0.02   0 0 0.25 , 22.798 , 23.62113751626007
2004 NL8 ,OR , 12047 ,   664 , 18 58 53.28 -16 39 16.02 , 0 0 0.02   0 0 0.3 , 20.784 , 22.0
2004 TG10 , J , 12663 ,   742 , 21 8 42.44 -8 12 30.13 , 0 0 0.06   0 0 0.95 , 21.168 , 23.777310937020445
2017 RL , I ,  5067 ,    96 , 13 23 23.79 -67 31 7.9 , 0 0 0.32   0 0 4.73 , 19.791 , 20.5
2017 RL , R ,  5068 ,    96 , 13 23 1.14 -67 31 12.07 , 0 0 0.32   0 0 4.73 , 19.79 , 22.027310937020445
2000 EE14 ,OR , 12837 ,   825 , 12 49 37.17 -2 30 21.02 , 0 0 0.0   0 0 0.07 , 19.5 , 22.12113751626007
1999 DJ4 , I , 18510 ,   406 , 22 40 56.69 -32 20 23.06 , 0 0 0.02   0 0 0.31 , 19.312 , 20.5
2000 UL11 , J ,  7940 ,   823 , 11 54 7.09 -1 6 29.52 , 0 0 0.26   0 0 3.95 , 23.319 , 23.5
2000 UL11 , J , 12752 ,   894 , 11 49 25.6 0 26 30.48 , 0 0 0.17   0 0 2.61 , 22.315 , 23.629754651194947
2000 UL11 ,OR , 14590 ,   824 , 12 8 2.29 -1 14 15.79 , 0 0 0.14   0 0 2.04 , 21.874 , 22.0
2015 GY , I , 15995 ,   567 , 10 9 25.95 -22 32 37.18 , 0 0 1.96   0 0 29.43 , 20.382 , 20.5
2011 BY18 , J ,  8638 ,   794 , 14 25 25.74 -5 26 7.48 , 0 0 0.09   0 0 1.4 , 21.45 , 23.5
2002 SM ,OR , 13363 ,   464 , 21 10 49.19 -29 19 3.54 , 0 0 0.04   0 0 0.66 , 20.357 , 22.083683487038268
2009 UN3 , J ,  3662 ,   201 , 4 5 16.66 -50 24 49.54 , 0 0 0.06   0 0 0.96 , 20.855 , 23.62113751626007
2009 UN3 ,OR , 14524 ,   410 , 0 21 33.3 -30 46 19.78 , 0 0 0.03   0 0 0.38 , 21.995 , 22.0
2012 KY3 ,OR , 14590 ,   824 , 12 22 6.51 2 20 8.52 , 0 0 0.09   0 0 1.32 , 19.759 , 22.0
2004 EW , J ,  9113 ,   859 , 0 8 59.74 2 17 59.1 , 0 0 0.03   0 0 0.46 , 22.093 , 23.5
1999 BJ8 , J ,  7238 ,   893 , 23 10 39.66 -1 0 41.65 , 0 0 0.01   0 0 0.15 , 21.946 , 23.7201140738196
2016 GT220 ,OR , 15123 ,    26 , 21 12 57.27 -79 18 4.25 , 0 0 0.35   0 0 5.26 , 17.997 , 22.0
2004 VA , J ,  7903 ,   674 , 22 13 16.75 -13 45 39.71 , 0 0 0.01   0 0 0.11 , 21.893 , 23.5
2004 VA , J , 10439 ,   676 , 22 50 41.21 -12 8 11.26 , 0 0 0.01   0 0 0.11 , 21.415 , 23.62113751626007
2014 AF51 , J ,  8669 ,   661 , 17 58 32.23 -15 24 52.49 , 0 0 0.24   0 0 3.66 , 19.654 , 23.40102344244047
2016 CS29 , J ,  8196 ,   891 , 10 38 5.37 -1 46 45.23 , 0 0 0.07   0 0 1.12 , 22.221 , 23.5
2016 CS29 , J ,  9752 ,   833 , 3 24 23.77 0 2 53.99 , 0 0 0.03   0 0 0.43 , 23.189 , 23.656173420760375
2014 YY8 , J ,  4391 ,   183 , 18 44 53.76 -53 41 22.81 , 0 0 0.15   0 0 2.28 , 23.108 , 23.583683487038268
1999 NC43 ,OR , 15012 ,   528 , 20 24 55.95 -24 34 30.58 , 0 0 0.01   0 0 0.12 , 19.633 , 22.0
2001 CV26 , I ,  6227 ,   178 , 16 3 18.19 -54 27 29.74 , 0 0 0.01   0 0 0.12 , 18.696 , 20.5
2001 CV26 , R ,  6228 ,   178 , 16 3 20.71 -54 26 24.47 , 0 0 0.01   0 0 0.12 , 18.697 , 22.027310937020445
2000 RD53 , J ,  8531 ,   798 , 15 31 39.0 -4 40 11.86 , 0 0 0.02   0 0 0.34 , 22.398 , 23.5
1991 JX ,OR , 16834 ,   894 , 23 42 5.54 0 4 54.88 , 0 0 0.0   0 0 0.0 , 0.0 , 22.156173420760375
1991 JX , I , 18622 ,   894 , 23 50 20.18 0 57 12.96 , 0 0 0.0   0 0 0.0 , 0.0 , 20.5
2016 CL32 , J ,  7730 ,   871 , 15 56 38.94 0 40 52.75 , 0 0 0.03   0 0 0.51 , 22.403 , 23.5
1994 PM , J ,  5045 ,   877 , 17 59 25.8 0 57 57.31 , 0 0 0.01   0 0 0.09 , 21.711 , 23.5
1994 PM , J , 12696 ,   801 , 16 33 28.5 -4 27 18.22 , 0 0 0.0   0 0 0.07 , 22.452 , 23.68908459416331
6743 P-L , J , 10439 ,   676 , 23 4 28.01 -13 53 5.24 , 0 0 0.03   0 0 0.49 , 17.71 , 23.62113751626007
6743 P-L ,OR , 14562 ,   462 , 20 8 30.89 -27 57 56.92 , 0 0 0.01   0 0 0.18 , 20.244 , 22.0
1983 LC , J ,  8626 ,   728 , 16 22 25.82 -12 53 5.86 , 0 0 0.2   0 0 3.06 , 17.213 , 23.5
2021 CK2 , J ,  3938 ,   574 , 12 24 4.19 -20 23 28.97 , 0 2 18.75   0 34 41.21 , 19.855 , 23.5
2001 GN2 , J ,  8140 ,   761 , 3 18 13.71 -6 0 59.4 , 0 0 0.04   0 0 0.57 , 21.817 , 23.543452632824014
2016 XP23 , J , 10257 ,   382 , 13 25 17.2 -32 16 35.18 , 0 0 0.25   0 0 3.72 , 22.895 , 23.62113751626007
2016 PN38 , I , 15694 ,   751 , 0 1 55.41 -5 2 7.76 , 0 0 0.36   0 0 5.34 , 20.245 , 20.5
2008 LW16 , J ,  1948 ,    29 , 1 13 1.2 -76 31 46.99 , 0 0 0.04   0 0 0.53 , 20.366 , 23.5
2013 BJ18 ,OR , 17761 ,   755 , 1 15 3.88 -2 45 33.23 , 0 0 0.59   0 0 8.88 , 20.703 , 22.0
1992 UY4 ,OR , 15004 ,   456 , 18 6 2.56 -29 19 52.93 , 0 0 0.03   0 0 0.52 , 18.349 , 21.70739599245829
1992 UY4 ,OR , 15057 ,   454 , 17 13 14.64 -27 32 32.28 , 0 0 0.07   0 0 1.02 , 16.328 , 21.843826579239625
1992 UY4 ,OR , 15083 ,   519 , 17 4 47.27 -26 6 10.12 , 0 0 0.07   0 0 1.05 , 16.138 , 21.843826579239625
1999 SL5 ,OR ,  9886 ,   771 , 6 35 44.88 -2 18 51.3 , 0 0 0.01   0 0 0.2 , 21.748 , 22.0
2006 PY17 , J ,  2349 ,   516 , 16 6 29.09 -24 52 8.72 , 0 0 0.02   0 0 0.36 , 23.149 , 23.45276429888825
2006 PY17 , J ,  3410 ,   595 , 19 56 7.29 -21 57 0.94 , 0 0 0.04   0 0 0.53 , 21.836 , 23.62113751626007
2009 SB ,OR , 11414 ,   890 , 22 18 35.78 -1 13 36.05 , 0 5 57.52   1 29 22.73 , 21.729 , 21.843826579239625
2003 ED50 , J ,  6803 ,   629 , 7 8 28.12 -14 52 41.27 , 0 0 0.04   0 0 0.6 , 22.285 , 23.40102344244047
1990 MU , J ,  2533 ,   291 , 23 20 5.6 -44 17 52.58 , 0 0 0.0   0 0 0.06 , 19.184 , 23.5
1990 MU , I , 12285 ,  295A , 0 53 26.66 -39 18 2.23 , 0 0 0.02   0 0 0.24 , 14.992 , 20.5
2001 SX169 ,OR , 15749 ,   598 , 20 56 24.98 -19 15 50.18 , 0 0 0.03   0 0 0.51 , 20.531 , 22.0
2003 KU2 , J , 10343 ,   826 , 13 8 8.91 -1 26 17.92 , 0 0 0.01   0 0 0.15 , 22.868 , 23.583683487038268
1989 QF ,OR , 13394 ,   819 , 22 33 44.27 -4 34 36.59 , 0 0 0.02   0 0 0.23 , 19.49 , 22.083683487038268
2002 OD20 , I , 16283 ,   740 , 20 17 33.97 -11 18 16.52 , 0 0 0.02   0 0 0.24 , 20.43 , 20.5
2009 CC3 , J ,  8196 ,   891 , 10 51 8.64 -2 3 49.64 , 0 0 0.26   0 0 3.86 , 22.513 , 23.5
2009 CC3 , J ,  8836 ,   816 , 21 46 37.78 -4 17 53.38 , 0 0 0.16   0 0 2.35 , 23.16 , 23.5
1998 VO , J , 12896 ,   763 , 4 0 26.1 -3 44 28.5 , 0 0 0.08   0 0 1.15 , 19.978 , 23.583683487038268
2012 PP28 , J ,  4309 ,   581 , 15 15 23.95 -20 6 54.43 , 0 0 0.27   0 0 4.01 , 22.877 , 23.583683487038268
2014 EQ49 , J ,  1794 ,    45 , 19 7 2.08 -74 22 13.22 , 0 0 0.78   0 0 11.72 , 20.871 , 23.583683487038268
2003 CR1 , J ,   640 ,   464 , 20 53 36.17 -31 40 11.03 , 0 0 0.14   0 0 2.09 , 21.641 , 23.40102344244047
2003 CR1 , J ,   666 ,   463 , 20 52 58.07 -31 42 12.06 , 0 0 0.15   0 0 2.21 , 21.477 , 23.40102344244047
2016 QJ44 ,OR , 16994 ,   627 , 6 38 27.63 -17 10 8.26 , 0 4 23.7   1 5 55.48 , 18.402 , 22.083683487038268
2017 UR4 ,OR , 16431 ,   684 , 1 47 39.02 -11 42 19.94 , 0 0 0.11   0 0 1.58 , 21.804 , 22.083683487038268
2000 HA24 ,OR , 12996 ,   860 , 0 21 9.9 0 57 15.12 , 0 0 0.11   0 0 1.66 , 21.0 , 22.043452632824014
2013 QK48 , J , 10343 ,   826 , 0 51 58.66 -1 7 8.0 , 0 0 0.04   0 0 0.64 , 20.603 , 23.583683487038268
2017 EQ13 , I , 17014 ,   436 , 10 27 9.03 -31 48 29.95 , 0 0 0.88   0 0 13.21 , 20.349 , 20.5
2010 DJ56 ,OR ,  9450 ,   871 , 4 10 6.54 0 16 54.84 , 0 0 0.06   0 0 0.96 , 21.942 , 22.0
2010 DJ56 , J , 12332 ,   839 , 17 31 43.37 0 26 39.12 , 0 0 0.03   0 0 0.39 , 22.787 , 23.749465443631504
2007 TS19 , J , 10345 ,   892 , 11 5 38.15 -2 5 26.66 , 0 0 0.05   0 0 0.8 , 22.57 , 23.583683487038268
2008 UZ94 , J ,  2981 ,   266 , 11 42 17.09 -42 48 54.29 , 0 0 0.07   0 0 1.01 , 21.553 , 23.583683487038268
2008 UZ94 ,OR , 10339 ,   801 , 16 35 56.68 -7 12 3.6 , 0 0 0.05   0 0 0.71 , 21.66 , 22.083683487038268
2000 PD3 , J ,  3350 ,   451 , 16 8 45.26 -28 11 35.84 , 0 0 0.01   0 0 0.17 , 22.296 , 23.583683487038268
1993 DQ1 , J ,  7238 ,   893 , 11 16 48.95 0 50 6.4 , 0 0 0.01   0 0 0.19 , 21.465 , 23.7201140738196
2004 TP1 , J ,  8079 ,   830 , 2 18 26.51 2 22 23.81 , 0 0 0.04   0 0 0.66 , 21.447 , 23.5
2004 TP1 , J ,  9113 ,   859 , 0 6 7.94 0 57 12.92 , 0 0 0.01   0 0 0.13 , 23.269 , 23.5
2000 OJ8 , J ,  9348 ,   720 , 13 51 53.23 -12 22 54.26 , 0 0 0.01   0 0 0.1 , 22.421 , 23.5
2000 OJ8 ,OR , 15017 ,   655 , 16 8 38.65 -17 49 53.9 , 0 0 0.01   0 0 0.12 , 21.605 , 22.0
2004 VG64 , J ,  8014 ,   884 , 8 24 33.59 0 48 15.19 , 0 0 0.08   0 0 1.18 , 21.013 , 23.45276429888825
2004 VG64 , I , 14671 ,   364 , 5 55 27.14 -34 43 41.38 , 0 0 0.08   0 0 1.16 , 20.326 , 20.5
2002 NV16 , J ,  9340 ,   793 , 14 6 8.89 -2 31 36.12 , 0 0 0.01   0 0 0.22 , 21.299 , 23.5
1959 LM , J ,  5777 ,   857 , 23 28 48.25 1 19 25.36 , 0 0 0.0   0 0 0.02 , 20.054 , 23.583683487038268
2002 CE , J ,  7787 ,   645 , 12 31 4.48 -14 22 12.07 , 0 0 0.01   0 0 0.17 , 20.127 , 23.45276429888825
2002 CE ,OR , 12542 ,   647 , 13 11 58.29 -15 41 10.25 , 0 0 0.01   0 0 0.19 , 19.395 , 22.277310937020445
2005 GJ8 ,OR , 14255 ,   516 , 16 17 4.49 -27 19 56.75 , 0 0 0.03   0 0 0.46 , 21.447 , 21.90102344244047
2001 PT9 , J ,  2602 ,   594 , 19 33 13.26 -20 10 59.56 , 0 0 0.03   0 0 0.5 , 21.442 , 23.45276429888825
2018 KB1 ,OR , 13870 ,   295 , 0 58 47.18 -37 32 3.8 , 0 0 2.07   0 0 31.1 , 20.671 , 22.12113751626007
2013 BW76 , J , 10166 ,   332 , 17 9 17.55 -38 56 13.63 , 0 0 0.05   0 0 0.73 , 23.137 , 23.543452632824014
1998 OH ,OR , 11313 ,   888 , 9 51 30.5 0 31 7.5 , 0 0 0.01   0 0 0.15 , 18.042 , 21.95276429888825
1998 OH , J , 11340 ,   890 , 10 17 18.29 -1 17 12.73 , 0 0 0.01   0 0 0.15 , 17.951 , 23.7201140738196
2006 WX1 ,OR , 12995 ,   857 , 23 24 49.36 1 48 13.43 , 0 0 0.05   0 0 0.81 , 22.011 , 22.043452632824014
2010 GT7 , J ,  8233 ,   681 , 0 39 21.23 -12 24 22.72 , 0 0 0.03   0 0 0.42 , 22.615 , 23.543452632824014
2005 JE46 , J ,  8196 ,   891 , 10 45 39.11 0 9 5.72 , 0 0 0.0   0 0 0.07 , 23.129 , 23.5
2015 NZ13 , J ,  9113 ,   859 , 0 11 11.56 0 5 45.92 , 0 0 36.48   0 9 7.24 , 20.851 , 23.5
2001 EB18 , J ,  1948 ,    29 , 1 3 6.75 -77 14 48.41 , 0 0 0.04   0 0 0.67 , 21.741 , 23.5
2001 EB18 , J ,  8230 ,   828 , 13 35 13.47 1 14 15.18 , 0 0 0.02   0 0 0.26 , 21.824 , 23.543452632824014
2001 SK162 , J ,  2335 ,   524 , 19 11 17.71 -22 58 55.92 , 0 0 0.01   0 0 0.16 , 22.199 , 23.2798859261804
2001 SK162 , J ,  5777 ,   857 , 23 28 3.99 -2 21 13.1 , 0 0 0.0   0 0 0.05 , 22.155 , 23.583683487038268
2013 GY7 ,OR , 12864 ,   197 , 1 45 6.72 -48 30 42.59 , 0 0 0.07   0 0 1.09 , 21.519 , 22.083683487038268
2001 UZ16 , J , 10158 ,   860 , 0 24 9.93 2 48 42.7 , 0 0 0.01   0 0 0.13 , 22.011 , 23.62113751626007
2006 PA1 , J ,   753 ,   526 , 19 55 20.46 -23 20 10.46 , 0 0 0.24   0 0 3.65 , 20.445 , 23.343826579239625
2006 PA1 , J ,  9097 ,   788 , 12 20 32.99 -4 51 48.56 , 0 0 0.1   0 0 1.54 , 22.494 , 23.5
2006 SS134 , J , 12752 ,   894 , 11 41 41.87 2 32 26.92 , 0 0 0.06   0 0 0.94 , 23.108 , 23.629754651194947
2005 VR7 ,OR , 17035 ,    65 , 13 18 39.7 -70 53 34.48 , 0 0 0.13   0 0 2.0 , 21.934 , 21.95276429888825
2015 FP118 , J ,  9098 ,   650 , 14 30 33.88 -15 24 9.76 , 0 0 0.03   0 0 0.46 , 22.292 , 23.5
2011 CG2 ,OR , 12764 ,   815 , 21 16 4.74 -7 59 6.18 , 0 0 0.03   0 0 0.47 , 21.579 , 22.156173420760375
2003 WR21 ,OR , 17781 ,   541 , 1 11 17.2 -20 41 16.44 , 0 0 0.02   0 0 0.35 , 19.638 , 22.0
2004 WS2 , J ,  3654 ,   604 , 23 12 10.53 -22 21 58.25 , 0 0 0.05   0 0 0.73 , 20.317 , 23.583683487038268
2004 WS2 , J ,  8153 ,   831 , 2 31 16.18 1 5 47.08 , 0 0 0.01   0 0 0.18 , 20.588 , 23.543452632824014
2004 WS2 , J ,  8230 ,   828 , 1 34 44.91 -2 49 35.0 , 0 0 0.01   0 0 0.15 , 20.717 , 23.543452632824014
2004 WS2 , I , 16320 ,   538 , 23 52 30.92 -19 57 49.43 , 0 0 0.03   0 0 0.49 , 19.77 , 20.5
2000 YJ11 ,OR , 14453 ,   232 , 19 26 29.3 -50 45 39.42 , 0 0 0.11   0 0 1.68 , 19.934 , 21.95276429888825
2000 YJ11 ,OR , 14505 ,   183 , 18 49 59.11 -52 13 24.38 , 0 0 0.09   0 0 1.39 , 20.328 , 22.043452632824014
2000 YN29 , J , 10439 ,   676 , 22 49 23.08 -16 7 11.1 , 0 0 0.06   0 0 0.87 , 21.296 , 23.62113751626007
2000 YN29 , J , 16383 ,   825 , 0 35 0.75 -2 34 43.21 , 0 0 0.04   0 0 0.56 , 23.534 , 23.62113751626007
2014 WV363 , I ,  9575 ,   195 , 0 50 37.46 -49 39 31.46 , 0 0 1.44   0 0 21.57 , 16.744 , 20.5
2010 XC11 ,OR , 14539 ,   609 , 0 37 2.19 -17 2 13.45 , 0 0 0.15   0 0 2.21 , 20.395 , 22.0
2000 ET70 , J ,  7238 ,   893 , 11 27 34.51 2 13 25.1 , 0 0 0.0   0 0 0.06 , 20.371 , 23.7201140738196
2008 OC6 ,OR , 10868 ,   852 , 21 36 11.71 -2 26 14.46 , 0 0 0.11   0 0 1.63 , 21.364 , 22.12113751626007
2002 VU94 , J ,  5777 ,   857 , 23 29 21.98 1 35 40.52 , 0 0 0.02   0 0 0.34 , 18.588 , 23.583683487038268
2005 TF49 ,OR , 13394 ,   819 , 22 45 43.64 -2 15 54.76 , 0 0 0.32   0 0 4.83 , 14.001 , 22.083683487038268
2013 QC11 ,OR , 12145 ,   818 , 22 25 3.17 -2 33 48.42 , 0 0 1.45   0 0 21.82 , 21.342 , 22.249465443631504
2001 SG262 ,OR , 14249 ,   515 , 15 40 44.39 -24 13 15.74 , 0 0 0.05   0 0 0.75 , 21.205 , 21.95276429888825
2018 YH , I , 16260 ,   668 , 20 11 1.66 -12 27 8.86 , 0 0 0.17   0 0 2.62 , 19.95 , 20.50778533511872
2018 YH , I , 16283 ,   740 , 20 8 16.3 -9 32 47.69 , 0 0 0.14   0 0 2.14 , 20.486 , 20.5
1990 SM ,OR , 13854 ,   233 , 20 8 20.47 -52 10 35.83 , 0 0 0.16   0 0 2.33 , 15.3 , 22.12113751626007
1999 JV6 , J , 10158 ,   860 , 0 19 32.2 2 31 10.52 , 0 0 0.01   0 0 0.1 , 22.145 , 23.62113751626007
2019 BP1 , J , 10971 ,   862 , 1 2 1.33 2 48 28.01 , 0 0 0.6   0 0 9.04 , 21.836 , 23.66957825250009
2005 GE59 , J ,  9341 ,   799 , 15 57 0.57 -2 58 20.6 , 0 0 0.01   0 0 0.21 , 22.81 , 23.5
2012 UR136 , J ,  5773 ,   867 , 14 45 15.6 -1 52 39.22 , 0 0 0.11   0 0 1.61 , 20.418 , 23.602733445234186
2012 UR136 , I ,  6391 ,   474 , 0 34 58.6 -25 38 37.97 , 0 0 0.3   0 0 4.48 , 18.043 , 20.656173420760375
2002 AM31 , J ,  8531 ,   798 , 15 42 11.49 -7 27 18.43 , 0 0 0.04   0 0 0.64 , 18.941 , 23.5
2002 AM31 ,OR , 15974 ,   794 , 14 19 29.14 -7 49 29.57 , 0 0 0.01   0 0 0.17 , 21.593 , 22.083683487038268
2007 JX2 , J ,   753 ,   526 , 19 49 44.56 -27 52 58.44 , 0 0 0.05   0 0 0.71 , 22.932 , 23.343826579239625
2007 JX2 , J ,  2335 ,   524 , 19 10 44.85 -27 38 44.92 , 0 0 0.05   0 0 0.8 , 22.325 , 23.2798859261804
2003 AA3 , J , 12552 ,   803 , 17 31 41.53 -2 1 27.55 , 0 0 0.04   0 0 0.66 , 22.327 , 23.777310937020445
2006 QY110 , J ,  9510 ,   660 , 17 52 21.39 -15 41 34.12 , 0 0 0.02   0 0 0.29 , 22.782 , 23.40102344244047
2011 UT20 ,OR , 16651 ,   600 , 21 52 57.09 -19 30 18.68 , 0 0 0.14   0 0 2.15 , 19.025 , 22.035035904500305
2006 SU131 , J , 10971 ,   862 , 0 53 3.74 0 37 18.91 , 0 0 0.02   0 0 0.28 , 21.896 , 23.66957825250009
2006 SU131 ,OR , 13922 ,   409 , 23 47 7.0 -27 22 39.58 , 0 0 0.09   0 0 1.35 , 19.697 , 22.12113751626007
2006 SU131 ,OR , 17800 ,   833 , 3 19 23.54 0 40 46.88 , 0 0 0.03   0 0 0.43 , 20.64 , 22.0
2006 SU131 ,OR , 17813 ,   832 , 2 53 39.84 0 38 29.29 , 0 0 0.03   0 0 0.41 , 21.013 , 22.0
2013 MY5 ,OR , 11939 ,   652 , 15 11 32.73 -13 47 40.27 , 0 0 0.06   0 0 0.86 , 22.069 , 22.2201140738196
2009 EK1 , J ,  2275 ,   277 , 16 50 6.05 -43 9 4.36 , 0 0 0.68   0 0 10.15 , 22.064 , 23.343826579239625
2010 DM , J ,  5023 ,   861 , 12 44 1.08 2 55 32.77 , 0 0 0.07   0 0 1.07 , 22.816 , 23.543452632824014
2004 AF , J ,  1560 ,   267 , 12 21 26.34 -44 35 24.9 , 0 0 0.02   0 0 0.28 , 20.526 , 23.2798859261804
2004 AF ,OR ,  9889 ,   784 , 10 51 47.01 -3 21 31.28 , 0 0 0.01   0 0 0.19 , 19.681 , 22.083683487038268
2004 AF , J , 10776 ,   271 , 14 0 26.07 -44 39 9.11 , 0 0 0.02   0 0 0.23 , 21.448 , 23.635424343486047
2004 AF ,OR , 15082 ,   137 , 16 21 11.26 -58 43 32.77 , 0 0 0.05   0 0 0.7 , 16.326 , 21.843826579239625
2004 AF , I , 17022 ,   850 , 9 1 40.92 1 53 6.5 , 0 0 0.01   0 0 0.16 , 20.247 , 20.5
2001 FD58 , J , 12752 ,   894 , 11 48 46.91 0 36 38.56 , 0 0 0.0   0 0 0.08 , 22.276 , 23.629754651194947
2001 FD58 , I , 14844 ,   510 , 14 6 24.39 -22 17 35.56 , 0 0 0.01   0 0 0.22 , 20.25 , 20.5
2001 FD58 , I , 15389 ,   716 , 12 20 24.34 -8 42 59.76 , 0 0 0.02   0 0 0.31 , 18.761 , 20.656173420760375
2002 GO5 , J ,  2331 ,   511 , 14 4 53.78 -25 21 54.79 , 0 0 0.02   0 0 0.26 , 20.796 , 23.5
2002 GO5 , J ,  2385 ,   510 , 13 50 21.19 -22 56 6.58 , 0 0 0.01   0 0 0.2 , 22.038 , 23.5
2002 GO5 , J ,  2398 ,   578 , 13 51 1.6 -22 45 42.98 , 0 0 0.01   0 0 0.2 , 22.216 , 23.5
2002 GO5 , J ,  8866 ,   827 , 13 18 5.3 0 29 39.05 , 0 0 0.06   0 0 0.88 , 20.08 , 23.5
2002 GO5 ,OR , 14590 ,   824 , 12 18 36.67 1 15 37.08 , 0 0 0.02   0 0 0.23 , 19.297 , 22.0
2010 BK2 , J ,  1319 ,   387 , 14 57 49.3 -35 17 44.77 , 0 0 0.1   0 0 1.57 , 22.419 , 23.68908459416331
2020 QF6 , J ,  1992 ,    33 , 5 55 35.88 -72 50 46.36 , 0 4 32.66   1 8 9.95 , 21.519 , 23.583683487038268
2020 QF6 , J ,  9104 ,   843 , 18 43 42.91 0 23 35.34 , 0 3 13.58   0 48 23.77 , 22.676 , 23.40102344244047
1995 SA ,OR , 14189 ,   843 , 6 32 35.61 0 41 44.81 , 0 0 0.04   0 0 0.63 , 17.815 , 22.0
2007 VM184 , J ,  2693 ,   409 , 0 8 28.88 -28 43 18.05 , 0 0 0.03   0 0 0.5 , 23.336 , 23.5
1992 FE ,OR , 12550 ,   859 , 23 57 40.69 0 7 50.27 , 0 0 0.04   0 0 0.54 , 18.977 , 22.249465443631504
1992 FE , J , 12752 ,   894 , 11 39 9.74 0 0 15.8 , 0 0 0.01   0 0 0.21 , 19.913 , 23.629754651194947
1992 FE ,OR , 14841 ,   850 , 8 59 36.61 -1 58 40.01 , 0 0 0.07   0 0 1.06 , 15.937 , 22.083683487038268
2003 FC5 , J ,  7905 ,   724 , 15 7 31.16 -10 48 46.84 , 0 0 0.01   0 0 0.22 , 22.857 , 23.5
2003 FC5 , J ,  8773 ,   664 , 18 56 40.01 -15 28 25.72 , 0 0 0.01   0 0 0.21 , 22.996 , 23.45276429888825
2003 FC5 ,OR , 13401 ,   892 , 11 10 15.56 0 45 54.68 , 0 0 0.01   0 0 0.12 , 20.062 , 22.083683487038268
1999 XM141 ,OR , 13216 ,   296 , 1 14 17.74 -41 17 35.52 , 0 0 0.04   0 0 0.6 , 21.398 , 22.0
2000 UH1 , J ,  5384 ,   402 , 21 5 41.84 -36 36 42.66 , 0 0 0.01   0 0 0.2 , 22.94 , 23.543452632824014
2006 QQ23 ,OR , 14629 ,   823 , 12 0 25.65 2 2 17.81 , 0 0 0.12   0 0 1.77 , 21.355 , 22.0
2013 GZ73 , J ,  5779 ,   868 , 15 3 52.78 -2 42 29.99 , 0 0 0.23   0 0 3.38 , 21.206 , 23.583683487038268
2002 PF43 , J ,  8959 ,   688 , 3 11 43.6 -11 49 0.84 , 0 0 0.35   0 0 5.3 , 22.123 , 23.5
1998 HD14 , J ,  6980 ,   878 , 18 11 48.48 2 27 45.14 , 0 0 0.13   0 0 1.91 , 20.26 , 23.535035904500305
1949 MA , I , 14442 ,   240 , 23 43 50.18 -52 16 27.05 , 0 0 0.02   0 0 0.28 , 17.634 , 20.5
1949 MA ,OR , 15690 ,   231 , 19 13 37.07 -47 39 58.61 , 0 0 0.01   0 0 0.16 , 18.908 , 21.95276429888825
2019 LG1 , J ,  2229 ,   268 , 12 47 18.6 -47 7 39.43 , 0 0 0.41   0 0 6.14 , 20.825 , 23.583683487038268
1996 EO , I , 15401 ,   446 , 14 10 2.44 -30 33 2.88 , 0 0 0.03   0 0 0.46 , 20.474 , 20.5
1996 EO ,OR , 16740 ,   102 , 18 0 54.9 -63 53 17.63 , 0 0 0.07   0 0 1.0 , 19.738 , 22.104975161161743
2018 FJ5 , J ,  7968 ,   727 , 16 7 3.62 -7 2 21.05 , 0 8 27.35   2 6 50.3 , 23.164 , 23.5
1998 QE2 , J ,  8487 ,   856 , 22 54 55.13 2 18 31.61 , 0 0 0.03   0 0 0.41 , 21.152 , 23.5
2020 RH7 ,OR , 13869 ,   606 , 23 40 31.46 -21 57 42.3 , 0 1 31.34   0 22 50.15 , 21.976 , 22.12113751626007
2016 YT8 ,OR , 14590 ,   824 , 12 13 36.02 2 55 16.39 , 0 0 2.45   0 0 36.7 , 21.842 , 22.0
2004 BB103 ,OR , 12732 ,   884 , 8 13 28.57 0 39 59.22 , 0 0 0.01   0 0 0.19 , 22.135 , 22.156173420760375
2003 UC20 , I , 14270 ,   860 , 0 16 32.13 2 22 52.1 , 0 0 0.01   0 0 0.08 , 19.75 , 20.5
2003 UC20 ,OR , 14590 ,   824 , 12 22 46.03 -2 45 19.22 , 0 0 0.01   0 0 0.18 , 18.953 , 22.0
2006 SU19 , J ,  7224 ,   671 , 21 27 33.48 -15 16 40.33 , 0 0 0.02   0 0 0.37 , 22.655 , 23.62113751626007
2006 SU19 , J ,  8699 ,   822 , 23 33 32.23 -2 49 57.94 , 0 0 0.03   0 0 0.5 , 22.833 , 23.543452632824014
2006 SU19 , J ,  8842 ,   673 , 22 1 42.09 -12 51 24.01 , 0 0 0.04   0 0 0.56 , 22.673 , 23.5
2006 SU19 ,OR , 13417 ,   822 , 23 38 8.42 -4 56 28.46 , 0 0 0.04   0 0 0.6 , 21.678 , 22.043452632824014
2006 SU19 ,OR , 15065 ,   593 , 19 14 43.31 -19 8 24.29 , 0 0 0.1   0 0 1.43 , 19.529 , 21.843826579239625
2004 FE5 ,OR , 14523 ,   893 , 11 22 41.94 2 28 3.32 , 0 0 0.03   0 0 0.41 , 21.942 , 22.0
2004 VC , J , 12752 ,   894 , 11 38 45.77 -1 45 19.51 , 0 0 0.01   0 0 0.2 , 21.226 , 23.629754651194947
2004 VC ,OR , 14796 ,   257 , 7 11 35.28 -47 53 7.22 , 0 0 0.04   0 0 0.6 , 20.033 , 22.083683487038268
2004 VC ,OR , 15232 ,   199 , 3 15 4.6 -49 29 44.52 , 0 0 0.07   0 0 1.05 , 17.863 , 22.043452632824014
2020 TH5 , J ,  7918 ,   663 , 18 47 25.3 -13 49 15.74 , 0 0 0.12   0 0 1.83 , 22.656 , 23.343826579239625
2013 AX52 , J ,  9344 ,   882 , 7 37 7.11 2 21 37.66 , 0 0 0.06   0 0 0.96 , 23.231 , 23.43265577402143
2013 AX52 ,OR , 16958 ,   490 , 6 34 9.63 -24 5 25.84 , 0 0 0.17   0 0 2.51 , 20.883 , 22.083683487038268
2001 HY7 ,OR , 12560 ,   663 , 18 45 27.44 -16 30 31.07 , 0 0 0.04   0 0 0.67 , 21.465 , 22.12113751626007
2016 XH2 , J ,  2351 ,   589 , 17 45 9.92 -21 45 40.72 , 0 0 0.74   0 0 11.13 , 20.746 , 23.343826579239625
2016 XH2 , J ,  2388 ,   587 , 17 5 46.93 -21 2 47.69 , 0 0 0.6   0 0 9.02 , 21.472 , 23.45276429888825
2002 FV5 , J ,  8230 ,   828 , 13 48 54.92 1 57 48.53 , 0 0 0.0   0 0 0.07 , 22.016 , 23.543452632824014
2016 YW7 , J ,  8487 ,   856 , 22 52 54.76 0 37 34.61 , 0 0 2.73   0 0 40.88 , 22.21 , 23.5
2007 EL88 , J ,  9344 ,   882 , 7 42 45.33 1 34 37.81 , 0 0 0.01   0 0 0.2 , 23.113 , 23.43265577402143
2000 ED14 , J , 16383 ,   825 , 12 39 43.15 -1 37 9.73 , 0 0 0.01   0 0 0.16 , 23.49 , 23.62113751626007
2003 CC , I , 15049 ,   802 , 16 59 37.36 -3 27 33.62 , 0 0 0.26   0 0 3.93 , 16.221 , 20.36743325944009
2003 CC , J , 16383 ,   825 , 0 29 6.81 -1 35 16.08 , 0 0 0.02   0 0 0.31 , 22.208 , 23.62113751626007
2014 SR339 , J ,  9602 ,   835 , 15 58 38.58 0 29 46.46 , 0 0 0.01   0 0 0.17 , 22.457 , 23.5
1998 UT18 ,OR , 13079 ,   872 , 16 17 57.73 1 15 41.26 , 0 0 0.01   0 0 0.16 , 19.11 , 22.043452632824014
1998 UT18 ,OR , 15822 ,   694 , 5 3 29.09 -7 11 4.06 , 0 0 0.01   0 0 0.18 , 18.249 , 22.0
1994 XL1 ,OR , 16444 ,   767 , 5 18 17.87 -2 59 22.38 , 0 0 0.07   0 0 1.06 , 14.962 , 22.12113751626007
1982 XB , J ,  2399 ,   584 , 15 54 39.62 -20 17 45.89 , 0 0 0.01   0 0 0.2 , 22.862 , 23.5
2013 UP8 ,OR , 15850 ,   687 , 2 39 26.04 -11 47 7.48 , 0 0 0.08   0 0 1.25 , 21.426 , 21.90102344244047
2005 YO180 ,OR , 16269 ,   530 , 21 15 19.96 -25 56 3.66 , 0 0 0.09   0 0 1.4 , 21.295 , 22.043452632824014
2014 GE35 , J ,  8578 ,   651 , 14 50 35.36 -13 34 30.47 , 0 0 3.23   0 0 48.43 , 22.441 , 23.5
2002 PM6 , J , 13306 ,   885 , 20 44 1.28 0 18 15.3 , 0 0 0.05   0 0 0.82 , 20.494 , 23.543452632824014
2016 AL8 , J ,  8202 ,   824 , 12 27 29.92 -2 9 23.33 , 0 0 0.52   0 0 7.83 , 23.358 , 23.5
2015 JV , J ,  2400 ,   586 , 16 49 0.22 -21 15 12.17 , 0 0 0.06   0 0 0.91 , 22.978 , 23.45276429888825
2008 EC69 , J , 13925 ,   764 , 4 13 9.29 -3 12 33.08 , 0 0 0.03   0 0 0.48 , 22.18 , 23.656173420760375
2001 KZ66 , J ,  5576 ,   562 , 8 16 50.62 -20 39 26.64 , 0 0 0.01   0 0 0.2 , 17.918 , 23.5
2001 KZ66 , J ,  9309 ,   855 , 10 28 12.51 -1 39 23.69 , 0 0 0.01   0 0 0.08 , 20.924 , 23.5
2001 KZ66 ,OR , 12542 ,   647 , 13 16 17.97 -16 6 27.68 , 0 0 0.01   0 0 0.16 , 18.651 , 22.277310937020445
2003 NC ,OR , 12697 ,   736 , 18 48 44.63 -10 23 40.27 , 0 0 0.05   0 0 0.79 , 20.997 , 22.18908459416331
1991 RB , J ,  1580 ,   141 , 18 38 46.41 -59 28 55.09 , 0 0 0.05   0 0 0.69 , 21.991 , 23.5
1991 RB , J ,  3524 ,   296 , 1 31 48.19 -40 42 24.84 , 0 0 0.18   0 0 2.64 , 18.385 , 23.62113751626007
1991 RB ,OR , 14522 ,   108 , 22 18 58.15 -64 15 49.0 , 0 0 0.1   0 0 1.46 , 17.697 , 22.0
1991 RB , I , 14844 ,   510 , 13 46 6.82 -27 7 50.92 , 0 0 0.04   0 0 0.59 , 20.382 , 20.5
1991 RB ,OR , 14887 ,   508 , 13 6 18.86 -27 38 21.55 , 0 0 0.04   0 0 0.63 , 20.343 , 22.043452632824014
2004 BW58 , R ,  6181 ,   664 , 19 2 12.84 -14 21 24.26 , 0 0 0.03   0 0 0.46 , 20.058 , 22.027310937020445
2004 BW58 , I ,  6182 ,   664 , 19 2 10.32 -14 21 48.67 , 0 0 0.03   0 0 0.46 , 20.058 , 20.5
2002 UQ3 , J , 10590 ,   846 , 19 38 38.67 1 35 5.14 , 0 0 0.01   0 0 0.18 , 23.162 , 23.411773657142867
2002 UQ3 , J , 12356 ,   847 , 19 54 59.37 0 1 41.34 , 0 0 0.01   0 0 0.17 , 22.87 , 23.777310937020445
2007 RU17 ,OR , 15340 ,   858 , 23 50 18.99 -2 8 46.36 , 0 0 0.02   0 0 0.26 , 21.929 , 22.083683487038268
1991 DG ,OR , 14162 ,   706 , 9 9 2.94 -9 14 56.98 , 0 0 0.03   0 0 0.4 , 18.054 , 22.083683487038268
2013 NV , J ,  8639 ,   656 , 16 26 54.72 -14 0 35.68 , 0 0 0.35   0 0 5.3 , 16.441 , 23.5
2007 VW137 , J , 10345 ,   892 , 23 10 6.27 0 44 20.11 , 0 0 0.03   0 0 0.43 , 22.715 , 23.583683487038268
2004 JG6 , J ,  8230 ,   828 , 13 37 25.67 0 21 46.37 , 0 0 0.04   0 0 0.54 , 19.603 , 23.543452632824014
1998 OK1 ,OR , 10855 ,   862 , 1 7 53.66 0 38 1.75 , 0 0 0.02   0 0 0.32 , 21.089 , 22.083683487038268
2015 AH , J ,  5777 ,   857 , 23 13 35.18 1 19 57.58 , 0 0 0.27   0 0 4.09 , 22.746 , 23.583683487038268
1996 GT ,OR , 12996 ,   860 , 0 25 33.52 1 37 47.21 , 0 0 0.01   0 0 0.19 , 20.543 , 22.043452632824014
1996 GT ,OR , 17016 ,   863 , 13 17 13.68 -2 23 41.71 , 0 0 0.01   0 0 0.15 , 20.639 , 22.12113751626007
2012 KU12 , I , 14289 ,   801 , 16 33 8.94 -3 1 20.35 , 0 4 21.18   1 5 17.73 , 20.309 , 20.5
2005 EY95 , J ,  2333 ,   520 , 17 34 17.36 -23 17 9.06 , 0 0 0.02   0 0 0.37 , 20.824 , 23.343826579239625
2015 TM237 , I , 12975 ,   849 , 8 38 37.0 1 47 0.35 , 0 0 2.8   0 0 41.99 , 17.545 , 20.5
2015 TM237 ,OR , 15844 ,   686 , 2 13 30.82 -9 43 5.92 , 0 0 0.43   0 0 6.5 , 20.471 , 21.90102344244047
2015 FS332 , I , 15461 ,   791 , 13 18 57.08 -3 49 26.47 , 0 0 0.14   0 0 2.14 , 20.45 , 20.5
2017 RR15 , J ,  2277 ,   231 , 18 45 46.66 -51 16 20.21 , 0 0 0.63   0 0 9.39 , 22.897 , 23.40102344244047
2017 RR15 , J ,  8791 ,   610 , 1 4 40.73 -15 19 35.15 , 0 0 1.63   0 0 24.4 , 20.567 , 23.5
2017 RR15 , J ,  8822 ,   679 , 0 7 29.83 -12 34 50.2 , 0 0 2.27   0 0 34.0 , 19.228 , 23.5
2017 RR15 ,OR , 14905 ,   504 , 11 35 6.84 -26 45 33.37 , 0 0 1.23   0 0 18.51 , 19.394 , 22.017800548893263
2009 CS , I , 14480 ,   888 , 21 43 22.52 0 52 58.44 , 0 0 1.47   0 0 21.98 , 18.698 , 20.5
1999 XA143 , J ,  6501 ,   149 , 0 19 6.22 -55 52 10.74 , 0 0 0.02   0 0 0.26 , 20.744 , 23.55990444039648
2013 XW3 , J ,  8537 ,   791 , 13 29 0.05 -3 52 31.98 , 0 0 4.76   0 1 11.38 , 23.289 , 23.5
2014 KQ76 , J , 16383 ,   825 , 12 28 20.44 -2 30 53.28 , 0 0 0.18   0 0 2.69 , 23.078 , 23.62113751626007
2009 LW2 , J ,  8153 ,   831 , 14 38 31.48 0 55 51.96 , 0 0 0.04   0 0 0.55 , 22.417 , 23.543452632824014
1991 OA , J ,  8836 ,   816 , 21 43 7.62 -5 45 47.2 , 0 0 0.09   0 0 1.37 , 20.542 , 23.5
1991 OA , I , 16568 ,   508 , 13 15 43.38 -24 28 44.18 , 0 0 0.03   0 0 0.5 , 18.793 , 20.5
2011 CY46 ,OR , 15087 ,    27 , 23 55 4.29 -81 52 46.52 , 0 0 1.12   0 0 16.86 , 19.036 , 22.0
2002 FG7 , J ,  7968 ,   727 , 15 52 37.8 -9 10 21.9 , 0 0 0.01   0 0 0.13 , 23.355 , 23.5
2002 FG7 ,OR , 12707 ,   732 , 17 49 39.95 -7 15 48.56 , 0 0 0.01   0 0 0.22 , 21.183 , 22.083683487038268
1998 HL1 , J ,  2822 ,   316 , 9 50 50.96 -38 58 14.84 , 0 0 0.07   0 0 1.03 , 20.393 , 23.583683487038268
1998 HL1 , J ,  2846 ,   315 , 9 41 44.89 -39 45 27.86 , 0 0 0.07   0 0 1.1 , 20.303 , 23.62113751626007
1998 HL1 , I , 14263 ,   570 , 11 22 11.74 -21 52 3.72 , 0 0 0.02   0 0 0.35 , 19.476 , 20.5
1998 HL1 , I , 16510 ,   425 , 6 5 26.33 -28 40 31.01 , 0 0 0.02   0 0 0.35 , 20.225 , 20.656173420760375
2003 OC3 , J ,  8545 ,   852 , 21 37 44.52 2 53 10.72 , 0 0 0.01   0 0 0.2 , 21.386 , 23.5
2017 YT5 , J , 12332 ,   839 , 17 11 29.31 2 27 1.51 , 0 0 0.17   0 0 2.48 , 22.842 , 23.749465443631504
2014 CY4 , J ,  8657 ,   737 , 19 16 34.2 -7 51 2.59 , 0 0 0.85   0 0 12.76 , 21.882 , 23.5
2001 BE10 , J ,  8630 ,   886 , 8 49 30.51 1 25 19.27 , 0 0 0.01   0 0 0.18 , 21.162 , 23.5
2011 KE , J , 12752 ,   894 , 11 38 28.32 1 4 55.27 , 0 0 0.13   0 0 2.01 , 22.255 , 23.629754651194947
1996 FO3 , J ,  3350 ,   451 , 16 16 46.35 -32 49 48.04 , 0 0 0.03   0 0 0.38 , 21.824 , 23.583683487038268
1996 FO3 , J ,  5276 ,   598 , 21 5 56.03 -20 16 44.9 , 0 0 0.03   0 0 0.46 , 21.612 , 23.543452632824014
1996 FO3 , J , 11267 ,   746 , 22 27 33.74 -12 31 41.59 , 0 0 0.03   0 0 0.43 , 22.088 , 23.583683487038268
1996 FO3 ,OR , 17010 ,   384 , 14 7 10.1 -37 20 31.38 , 0 0 0.06   0 0 0.94 , 18.159 , 22.12113751626007
2017 GK4 , J ,  8233 ,   681 , 0 34 45.17 -10 38 29.98 , 0 0 0.33   0 0 4.95 , 21.861 , 23.543452632824014
2009 XZ1 , J ,  4595 ,   241 , 0 10 38.36 -42 54 24.77 , 0 0 0.15   0 0 2.18 , 20.44 , 23.583683487038268
2009 XZ1 , J ,  8154 ,   693 , 4 41 4.94 -9 27 25.88 , 0 0 0.07   0 0 1.11 , 20.795 , 23.5
2009 XZ1 , J ,  8213 ,   686 , 2 12 34.49 -11 5 28.0 , 0 0 0.08   0 0 1.23 , 20.697 , 23.5
2004 XK50 , J ,  9105 ,   851 , 21 19 16.46 0 55 49.84 , 0 0 0.06   0 0 0.9 , 20.443 , 23.5
2001 TX1 , J , 12191 ,   748 , 23 3 24.93 -8 42 2.84 , 0 0 0.07   0 0 0.99 , 20.959 , 23.62113751626007
2013 EM20 , J ,  8622 ,   531 , 21 41 58.23 -23 19 15.67 , 0 0 0.04   0 0 0.6 , 21.923 , 23.5
2005 XL80 , J , 16383 ,   825 , 12 38 30.25 2 16 0.55 , 0 0 0.01   0 0 0.17 , 20.743 , 23.62113751626007
2020 KK5 , J ,  9264 ,   733 , 17 48 25.25 -7 24 27.94 , 0 2 3.73   0 30 55.94 , 22.961 , 23.45276429888825
1979 VA , I ,  5017 ,   522 , 18 14 42.73 -24 56 10.82 , 0 0 0.02   0 0 0.25 , 18.484 , 20.46897052034371
1979 VA , R ,  5028 ,   522 , 18 14 34.22 -24 54 31.46 , 0 0 0.02   0 0 0.26 , 18.38 , 22.027310937020445
1979 VA , I ,  5070 ,   521 , 18 5 44.13 -24 32 1.21 , 0 0 0.02   0 0 0.33 , 17.328 , 20.5
1979 VA , R ,  5083 ,   521 , 17 55 44.01 -24 11 11.08 , 0 0 0.02   0 0 0.36 , 16.66 , 22.027310937020445
1979 VA , J ,  5279 ,   585 , 16 34 38.77 -17 31 26.69 , 0 0 0.02   0 0 0.35 , 16.345 , 23.543452632824014
2018 BO1 , J ,  6020 ,   284 , 20 17 13.12 -43 46 1.63 , 0 0 1.28   0 0 19.21 , 22.404 , 23.543452632824014
2010 VZ ,OR , 12144 ,   814 , 20 51 46.53 -4 20 43.51 , 0 0 0.94   0 0 14.06 , 17.848 , 22.249465443631504
2015 JA2 , J , 10971 ,   862 , 0 48 37.69 -1 6 30.56 , 0 0 0.73   0 0 10.95 , 21.958 , 23.66957825250009
2000 CM33 , J ,  8071 ,   756 , 1 43 1.36 -6 21 4.9 , 0 0 0.06   0 0 0.9 , 22.766 , 23.5
2000 CM33 , J , 10343 ,   826 , 0 49 23.07 -2 5 38.33 , 0 0 0.04   0 0 0.61 , 23.316 , 23.583683487038268
2003 FG , J , 16383 ,   825 , 12 36 29.57 0 58 6.2 , 0 0 0.0   0 0 0.04 , 23.32 , 23.62113751626007
1975 YA , I ,  9915 ,   844 , 19 8 52.64 -1 8 11.51 , 0 0 0.0   0 0 0.06 , 18.806 , 20.5
1975 YA , R ,  9916 ,   844 , 19 9 2.36 -1 9 24.3 , 0 0 0.0   0 0 0.06 , 18.807 , 22.027310937020445
2008 GC110 ,OR , 14865 ,   570 , 11 0 24.25 -18 3 52.34 , 0 0 0.12   0 0 1.77 , 20.708 , 22.043452632824014
2018 PQ23 ,OR , 15340 ,   858 , 23 33 32.5 1 2 11.98 , 0 0 0.41   0 0 6.11 , 21.244 , 22.083683487038268
2010 SH13 , J ,  3786 ,   549 , 3 46 14.89 -21 15 4.57 , 0 0 1.3   0 0 19.43 , 21.229 , 23.62113751626007
2005 PJ2 , J ,  9597 ,   834 , 15 29 14.94 -1 1 1.02 , 0 0 0.24   0 0 3.53 , 20.645 , 23.5
2019 GT2 , J ,  7702 ,   658 , 16 49 41.84 -17 42 17.75 , 0 0 0.05   0 0 0.73 , 23.344 , 23.40102344244047
2019 GT2 ,OR , 10855 ,   862 , 0 49 58.55 2 12 24.52 , 0 0 0.11   0 0 1.72 , 21.287 , 22.083683487038268
2019 GT2 ,OR , 15974 ,   794 , 14 31 58.28 -2 43 44.58 , 0 0 0.06   0 0 0.89 , 21.554 , 22.083683487038268
2006 US216 ,OR , 14629 ,   823 , 12 4 31.44 -2 16 58.04 , 0 0 0.15   0 0 2.22 , 21.193 , 22.0
2011 EG17 , I ,  9954 ,   774 , 7 37 42.76 -6 46 39.9 , 0 0 0.72   0 0 10.84 , 19.972 , 20.5
2011 EG17 , R ,  9955 ,   774 , 7 37 56.64 -6 40 14.7 , 0 0 0.72   0 0 10.81 , 19.976 , 22.18348435778082
2011 KW15 ,OR , 10962 ,   856 , 23 2 42.5 0 6 21.24 , 0 0 0.12   0 0 1.85 , 21.095 , 22.156173420760375
2003 RB , I ,  5007 ,   391 , 16 41 5.43 -36 34 14.99 , 0 0 0.01   0 0 0.1 , 20.342 , 20.5
2003 RB , R ,  5008 ,   391 , 16 40 58.93 -36 34 28.67 , 0 0 0.01   0 0 0.1 , 20.339 , 22.027310937020445
2008 CM ,OR , 10868 ,   852 , 21 41 52.95 -1 11 44.81 , 0 0 0.02   0 0 0.23 , 20.475 , 22.12113751626007
2008 CM ,OR , 15524 ,    99 , 15 43 55.43 -65 0 26.42 , 0 0 0.01   0 0 0.18 , 20.675 , 21.843826579239625
2006 KY86 , J , 10343 ,   826 , 12 50 36.21 0 2 22.2 , 0 0 0.03   0 0 0.4 , 21.614 , 23.583683487038268
2006 KY86 ,OR , 16834 ,   894 , 11 45 53.09 -2 38 30.16 , 0 0 0.01   0 0 0.2 , 21.815 , 22.156173420760375
1981 ET3 , J ,  4851 ,   384 , 13 50 1.74 -35 45 14.98 , 0 0 0.01   0 0 0.12 , 18.156 , 23.5
1981 ET3 , I , 16523 ,   785 , 11 28 24.14 -3 35 57.55 , 0 0 0.01   0 0 0.08 , 17.525 , 20.5
1981 ET3 , I , 18622 ,   894 , 11 30 18.23 1 19 26.26 , 0 0 0.0   0 0 0.03 , 19.243 , 20.5
2005 GO21 , J , 11340 ,   890 , 10 29 0.47 0 13 49.44 , 0 0 0.07   0 0 1.08 , 17.438 , 23.7201140738196
2005 GO21 ,OR , 11918 ,   881 , 7 19 29.39 -2 54 6.26 , 0 0 0.07   0 0 1.03 , 18.251 , 22.12113751626007
2005 GO21 ,OR , 13079 ,   872 , 4 18 23.36 1 47 5.53 , 0 0 0.08   0 0 1.19 , 18.094 , 22.043452632824014
2015 DR215 , J ,  8202 ,   824 , 12 26 45.39 -1 2 30.26 , 0 0 0.64   0 0 9.65 , 21.922 , 23.5
2018 BA7 , J ,  4851 ,   384 , 13 52 48.92 -36 44 58.7 , 0 0 0.53   0 0 8.02 , 22.243 , 23.5
2003 QZ30 , R ,  6102 ,   736 , 19 4 29.94 -8 57 29.41 , 0 0 0.01   0 0 0.16 , 21.049 , 22.027310937020445
2003 QZ30 , R ,  6299 ,   662 , 18 14 26.61 -12 31 16.39 , 0 0 0.01   0 0 0.13 , 21.414 , 22.18348435778082
2003 QZ30 , J ,  8626 ,   728 , 16 26 11.93 -10 32 34.48 , 0 0 0.01   0 0 0.16 , 23.132 , 23.5
2003 QZ30 ,OR ,  9536 ,   739 , 19 53 11.92 -8 15 10.44 , 0 0 0.01   0 0 0.15 , 19.262 , 21.90102344244047
2014 KB91 ,OR , 13394 ,   819 , 22 40 0.92 -6 47 13.56 , 0 10 44.38   2 41 5.77 , 18.754 , 22.083683487038268
2014 KB91 ,OR , 13417 ,   822 , 23 46 14.12 -3 55 19.31 , 0 8 0.39   2 0 5.84 , 19.365 , 22.043452632824014
2005 BC , I ,  4156 ,   166 , 9 2 18.69 -53 39 23.76 , 0 0 0.03   0 0 0.41 , 20.068 , 20.5
2005 BC , R ,  4157 ,   166 , 9 2 17.43 -53 37 57.5 , 0 0 0.03   0 0 0.41 , 20.069 , 21.027310937020445
2005 BC , R ,  4272 ,   261 , 9 24 48.91 -44 22 31.08 , 0 0 0.02   0 0 0.36 , 20.283 , 21.027310937020445
2005 BC ,OR , 14154 ,   172 , 12 20 51.76 -55 39 47.84 , 0 0 0.02   0 0 0.31 , 20.171 , 21.90102344244047
2005 BC ,OR , 16994 ,   627 , 6 44 38.3 -14 40 44.98 , 0 0 0.02   0 0 0.27 , 19.895 , 22.083683487038268
2020 BF14 ,OR , 14312 ,    43 , 15 43 40.46 -75 56 6.4 , 0 10 54.31   2 43 34.6 , 21.91 , 21.95276429888825
2001 XN254 , J ,  8201 ,   821 , 23 16 40.08 -2 5 18.13 , 0 0 0.01   0 0 0.14 , 23.353 , 23.5
2001 XN254 , J , 10438 ,   745 , 22 9 2.36 -8 40 28.49 , 0 0 0.01   0 0 0.18 , 22.133 , 23.62113751626007
2001 XN254 ,OR , 14523 ,   893 , 11 28 57.39 2 17 15.97 , 0 0 0.01   0 0 0.13 , 19.671 , 22.0
2010 ON101 ,OR ,  9888 ,   780 , 9 30 28.08 -3 17 52.44 , 0 0 0.41   0 0 6.13 , 22.013 , 22.083683487038268
2017 WG2 , J ,  2632 ,   290 , 22 48 30.1 -45 25 53.0 , 0 0 11.17   0 2 47.48 , 21.418 , 23.5
2012 QE50 , J ,  9172 ,   730 , 16 56 29.96 -12 14 22.78 , 0 0 0.1   0 0 1.55 , 23.262 , 23.45276429888825
2012 QE50 , J ,  9341 ,   799 , 16 8 8.32 -5 9 38.23 , 0 0 0.14   0 0 2.1 , 22.272 , 23.5
2012 QE50 ,OR , 12550 ,   859 , 11 48 46.17 0 52 14.27 , 0 0 0.2   0 0 2.94 , 21.517 , 22.249465443631504
2016 OP5 , J , 10165 ,   725 , 15 29 35.69 -11 1 13.55 , 0 0 0.02   0 0 0.35 , 22.387 , 23.62113751626007
1992 SK , I , 14270 ,   860 , 0 13 34.62 -1 13 21.72 , 0 0 0.0   0 0 0.02 , 19.971 , 20.5
2013 NJ10 , J ,   742 ,   523 , 18 30 14.63 -26 34 59.2 , 0 0 4.55   0 1 8.26 , 21.332 , 23.343826579239625
2013 NJ10 , J ,   792 ,   457 , 18 10 34.87 -27 6 50.58 , 0 0 3.9   0 0 58.47 , 21.881 , 23.2798859261804
2013 NJ10 , J ,  2336 ,   525 , 19 20 49.29 -22 8 56.51 , 0 0 4.06   0 1 0.95 , 21.46 , 23.40102344244047
2013 NJ10 , R ,  6147 ,   519 , 17 3 49.29 -23 36 27.22 , 0 0 4.74   0 1 11.11 , 21.511 , 22.027310937020445
2019 NE2 , I ,  6743 ,   630 , 7 37 34.02 -12 10 13.91 , 0 3 26.53   0 51 37.97 , 20.151 , 20.5
2019 NE2 , R ,  6744 ,   630 , 7 37 47.53 -12 5 34.22 , 0 3 25.66   0 51 24.91 , 20.159 , 22.027310937020445
2019 NE2 , I ,  6758 ,   702 , 7 43 44.73 -10 10 25.79 , 0 3 4.2   0 46 3.03 , 20.365 , 20.5
2001 SO73 ,OR , 14523 ,   893 , 23 8 17.9 1 41 34.22 , 0 0 0.05   0 0 0.69 , 18.765 , 22.0
2014 FO47 , R ,  7754 ,   880 , 7 2 59.88 0 27 37.55 , 0 0 1.11   0 0 16.69 , 21.711 , 22.027310937020445
2003 HB ,OR , 12837 ,   825 , 12 28 3.87 -1 51 55.62 , 0 0 0.05   0 0 0.73 , 21.843 , 22.12113751626007
2009 HA21 , J ,  6111 ,   881 , 19 14 14.5 0 15 4.97 , 0 0 0.56   0 0 8.41 , 20.547 , 23.40102344244047
2005 UT64 , J ,  9343 ,   876 , 17 35 2.01 -2 17 45.28 , 0 0 0.16   0 0 2.38 , 22.363 , 23.5
1987 SB , J , 12230 ,   751 , 23 55 34.85 -6 26 42.61 , 0 0 0.03   0 0 0.39 , 17.798 , 23.749465443631504
2001 HZ7 , J , 14513 ,   668 , 20 10 50.26 -17 13 29.89 , 0 0 0.02   0 0 0.24 , 22.429 , 23.62113751626007
2001 HZ7 ,OR , 16834 ,   894 , 11 48 18.98 0 26 26.7 , 0 0 0.01   0 0 0.17 , 21.826 , 22.156173420760375
2000 SY2 , J ,  3649 ,   480 , 2 50 3.13 -23 42 52.67 , 0 0 0.03   0 0 0.38 , 16.357 , 23.583683487038268
2000 SY2 , I , 10955 ,   857 , 23 15 48.31 0 5 3.7 , 0 0 0.01   0 0 0.1 , 17.061 , 20.5
1998 YM4 , J ,  9098 ,   650 , 14 10 29.19 -16 24 45.86 , 0 0 0.05   0 0 0.77 , 21.291 , 23.5
2011 JR13 , J ,  1317 ,   378 , 11 39 9.78 -35 22 57.29 , 0 0 0.03   0 0 0.45 , 22.785 , 23.7201140738196
2016 CJ195 ,OR , 11589 ,   854 , 22 21 8.82 0 14 27.31 , 0 0 0.7   0 0 10.47 , 21.681 , 22.376287494579977
2007 TR24 , J ,  7940 ,   823 , 12 8 14.98 1 19 9.77 , 0 0 0.06   0 0 0.96 , 23.381 , 23.5
2007 TR24 ,OR , 16631 ,   793 , 13 52 5.07 -5 41 9.24 , 0 0 0.16   0 0 2.38 , 20.847 , 22.156173420760375
2003 WD158 , J ,  5087 ,   866 , 2 11 0.26 -1 33 27.94 , 0 0 0.01   0 0 0.12 , 23.331 , 23.543452632824014
2018 FS3 ,OR , 12161 ,   743 , 21 14 1.46 -10 2 23.53 , 0 3 41.87   0 55 27.99 , 21.585 , 22.2201140738196
1998 SA15 , J , 10158 ,   860 , 0 19 21.42 -1 51 38.45 , 0 0 0.02   0 0 0.25 , 23.077 , 23.62113751626007
2001 KY66 ,OR ,  9889 ,   784 , 11 1 21.02 -5 51 28.48 , 0 0 0.01   0 0 0.13 , 21.108 , 22.083683487038268
2001 KY66 , J , 10345 ,   892 , 10 50 30.59 -1 48 44.89 , 0 0 0.01   0 0 0.08 , 22.146 , 23.583683487038268
2001 KY66 , J , 13753 ,   889 , 9 59 44.92 2 55 35.9 , 0 0 0.01   0 0 0.09 , 22.197 , 23.5
2001 KY66 ,OR , 14298 ,   393 , 17 46 33.86 -37 3 30.71 , 0 0 0.03   0 0 0.45 , 19.096 , 21.623712505420023
2020 PN3 , J ,  5777 ,   857 , 23 23 49.75 0 50 9.1 , 0 7 58.01   1 59 30.19 , 22.843 , 23.583683487038268
2000 LY27 , J ,  2331 ,   511 , 14 16 52.69 -25 45 22.1 , 0 0 0.05   0 0 0.76 , 17.568 , 23.5
2000 LY27 , J ,  2395 ,   579 , 14 17 55.44 -17 57 47.45 , 0 0 0.03   0 0 0.46 , 18.825 , 23.5
2000 LY27 ,OR , 14305 ,   390 , 16 24 52.2 -37 45 9.47 , 0 0 0.03   0 0 0.47 , 17.998 , 21.90102344244047
2008 EP6 , R ,  5081 ,   179 , 16 27 7.74 -54 52 57.94 , 0 0 0.05   0 0 0.76 , 20.221 , 22.027310937020445
2002 AC5 , R ,  6274 ,   279 , 17 51 26.52 -43 35 41.17 , 0 0 0.05   0 0 0.75 , 22.075 , 22.18348435778082
2020 BN10 , J ,  5777 ,   857 , 23 21 31.38 0 12 23.29 , 0 0 3.34   0 0 50.11 , 22.429 , 23.583683487038268
2020 BN10 , J , 12465 ,   854 , 22 8 35.72 -2 44 5.1 , 0 0 3.0   0 0 44.95 , 22.318 , 23.876287494579977
2000 BO28 ,OR , 12995 ,   857 , 11 10 36.32 0 1 32.88 , 0 0 0.06   0 0 0.91 , 19.218 , 22.043452632824014
1993 BX3 ,OR , 15311 ,   501 , 10 50 46.38 -23 58 50.95 , 0 0 0.09   0 0 1.38 , 16.749 , 22.043452632824014
2005 QC5 , J ,  4504 ,   292 , 0 4 25.3 -45 10 24.2 , 0 0 0.07   0 0 1.12 , 18.344 , 23.583683487038268
2004 RY109 , J ,  2928 ,   577 , 13 32 33.66 -17 57 28.51 , 0 0 0.15   0 0 2.23 , 20.991 , 23.583683487038268
2004 RY109 , J , 10345 ,   892 , 10 49 35.26 -1 15 23.83 , 0 0 0.04   0 0 0.53 , 22.576 , 23.583683487038268
2006 KL21 , I , 10523 ,   192 , 23 58 8.55 -57 14 54.71 , 0 0 0.15   0 0 2.32 , 19.929 , 20.5
1991 VK , R ,  6179 ,   520 , 17 27 31.08 -25 24 43.38 , 0 0 0.0   0 0 0.05 , 21.171 , 22.027310937020445
1991 VK , I , 13299 ,   893 , 11 31 2.36 0 11 53.99 , 0 0 0.0   0 0 0.02 , 19.289 , 20.5
1991 VK ,OR , 14982 ,   645 , 12 45 49.95 -16 6 49.9 , 0 0 0.0   0 0 0.05 , 18.755 , 22.0
1991 VK , I , 15641 ,   596 , 20 28 48.45 -17 29 36.42 , 0 0 0.0   0 0 0.05 , 20.062 , 20.5
2000 ED104 ,OR , 15340 ,   858 , 23 30 35.33 -2 29 11.72 , 0 0 0.01   0 0 0.11 , 19.74 , 22.083683487038268
2000 ED104 , I , 16466 ,   16A , 6 28 13.46 -79 44 58.52 , 0 0 0.02   0 0 0.37 , 18.99 , 20.5
1999 JD6 ,OR , 17311 ,   829 , 13 53 51.27 -2 40 27.41 , 0 0 0.0   0 0 0.05 , 19.108 , 22.0
1999 TF5 , J ,  4826 ,   218 , 12 18 29.99 -48 2 23.32 , 0 0 0.75   0 0 11.19 , 19.485 , 23.543452632824014
2019 CT1 , R ,  5722 ,   173 , 13 10 15.74 -53 45 24.3 , 0 0 0.3   0 0 4.57 , 21.636 , 22.027310937020445
2011 EO40 , J , 14888 ,   721 , 13 53 0.94 -8 24 38.2 , 0 9 24.66   2 21 9.96 , 23.285 , 23.68908459416331
2001 QL142 , J ,  9105 ,   851 , 21 10 58.57 -2 6 43.31 , 0 0 0.05   0 0 0.76 , 20.089 , 23.5
2001 QL142 , J , 15451 ,   865 , 2 1 21.02 -2 22 50.09 , 0 0 0.01   0 0 0.15 , 21.323 , 23.543452632824014
2001 QL142 , I , 17460 ,   855 , 22 37 10.92 -2 33 18.32 , 0 0 0.02   0 0 0.26 , 19.101 , 20.5
2009 KD5 ,OR , 10855 ,   862 , 1 10 40.97 1 34 34.97 , 0 0 0.02   0 0 0.31 , 20.188 , 22.083683487038268
2011 OA , J ,  2394 ,   576 , 13 5 42.6 -18 45 4.9 , 0 0 0.86   0 0 12.89 , 21.579 , 23.5
2012 OP4 , R ,  7477 ,   629 , 7 18 13.08 -13 39 38.45 , 0 0 0.41   0 0 6.14 , 17.798 , 22.027310937020445
2011 KO17 ,OR ,  9889 ,   784 , 10 58 48.84 -3 58 31.12 , 0 0 1.84   0 0 27.63 , 20.602 , 22.083683487038268
2002 QH10 ,OR , 14413 ,   461 , 19 55 5.62 -32 56 22.81 , 0 10 30.78   2 37 41.73 , 20.762 , 22.0
2000 DK79 ,OR , 14323 ,   653 , 15 11 15.38 -13 11 53.84 , 0 0 0.01   0 0 0.2 , 19.483 , 22.0
2020 EN , J , 11263 ,   654 , 15 37 26.36 -13 31 50.63 , 0 0 1.58   0 0 23.69 , 23.371 , 23.583683487038268
2015 GS , J , 13278 ,   685 , 2 7 21.87 -8 29 4.02 , 0 0 3.33   0 0 50.01 , 23.285 , 23.543452632824014
2003 CA ,OR , 11414 ,   890 , 10 19 45.97 1 31 7.43 , 0 0 0.02   0 0 0.22 , 20.344 , 21.843826579239625
2003 UX5 , J ,  1790 ,   140 , 18 38 41.07 -57 47 19.1 , 0 0 0.11   0 0 1.71 , 23.212 , 23.583683487038268
2003 UX5 , J ,  3588 ,   299 , 2 39 26.81 -37 42 44.39 , 0 0 0.38   0 0 5.71 , 21.058 , 23.62113751626007
2008 UD1 , J ,  8858 ,   749 , 23 12 15.35 -10 18 53.71 , 0 0 0.03   0 0 0.39 , 23.157 , 23.5
2005 FN4 , J ,  8454 ,   707 , 9 29 46.3 -12 34 10.56 , 0 0 0.03   0 0 0.41 , 22.904 , 23.5
2006 BB27 ,OR , 12192 ,    50 , 0 21 19.92 -70 14 47.65 , 0 0 0.14   0 0 2.03 , 20.573 , 22.18908459416331
2014 JN57 , J ,  4612 ,   150 , 0 24 58.59 -54 16 42.64 , 0 0 0.49   0 0 7.29 , 22.233 , 23.583683487038268
1999 SM5 , J , 10345 ,   892 , 10 57 28.42 2 59 56.29 , 0 0 0.01   0 0 0.11 , 21.511 , 23.583683487038268
2009 QJ9 , I , 18986 ,   49A , 23 0 26.04 -73 18 9.76 , 0 0 0.17   0 0 2.55 , 18.214 , 20.5