1994 PC1 , J ,  6114 ,   535 , 23 10 34.77 -24 30 5.9 , 0 0 0.02   0 0 0.26 , 18.484 , 23.5
2000 QK130 , I , 18957 ,   745 , 22 11 29.76 -10 56 37.18 , 0 0 0.02   0 0 0.28 , 19.545 , 20.5
2000 QK130 , I , 18963 ,   746 , 22 11 52.95 -11 12 34.78 , 0 0 0.02   0 0 0.28 , 19.629 , 20.5
1997 XF11 , J ,  5777 ,   857 , 23 24 36.62 -2 13 38.71 , 0 0 0.01   0 0 0.11 , 18.219 , 23.583683487038268
2002 LY45 , J ,  6990 ,   735 , 18 39 10.57 -8 7 47.96 , 0 0 0.02   0 0 0.26 , 19.943 , 23.43265577402143
1993 KH ,OR , 15560 ,   650 , 14 7 53.16 -16 59 3.41 , 0 0 0.02   0 0 0.34 , 17.307 , 21.95276429888825
2002 EZ11 ,OR , 15462 ,   651 , 14 36 0.28 -12 48 17.17 , 0 0 0.01   0 0 0.17 , 19.861 , 22.0
2016 CB194 ,OR , 16650 ,   401 , 21 1 4.75 -32 40 29.42 , 0 0 0.41   0 0 6.21 , 19.351 , 22.043452632824014
1999 JT6 , I , 19282 ,  609A , 0 46 55.59 -18 0 12.46 , 0 0 0.02   0 0 0.28 , 16.884 , 20.527634336954936
2003 YT1 ,OR , 15523 ,   864 , 1 46 23.25 -2 39 29.16 , 0 0 0.0   0 0 0.01 , 19.108 , 21.95276429888825
1998 KM3 , J , 10231 ,   718 , 12 56 33.54 -12 3 3.31 , 0 0 0.04   0 0 0.56 , 19.87 , 23.5
2003 MH4 , I , 14814 ,   777 , 8 32 27.52 -7 7 9.44 , 0 0 0.1   0 0 1.42 , 18.041 , 20.5
2020 NK1 , I , 15061 ,   108 , 21 46 17.32 -65 18 46.44 , 0 0 45.21   0 11 18.09 , 18.628 , 20.5
2006 JF42 , J ,  9309 ,   855 , 10 47 9.52 -1 12 59.76 , 0 0 0.09   0 0 1.32 , 18.093 , 23.5
1982 DB ,OR , 15447 ,   517 , 16 42 25.69 -25 25 46.52 , 0 0 0.0   0 0 0.07 , 19.543 , 22.0
1982 DB ,OR , 15557 ,   582 , 15 22 37.06 -22 11 19.5 , 0 0 0.01   0 0 0.1 , 18.882 , 22.0
1947 XC ,OR , 15749 ,   598 , 21 10 44.21 -19 50 34.58 , 0 0 0.01   0 0 0.11 , 19.74 , 22.0
2002 FB3 , I , 15741 ,   890 , 10 30 42.14 1 52 18.62 , 0 0 0.01   0 0 0.14 , 19.218 , 20.656173420760375
2006 DU62 , J ,  8202 ,   824 , 12 18 8.55 2 40 40.08 , 0 0 0.04   0 0 0.62 , 19.658 , 23.5
2001 SG286 , I ,  7729 ,   272 , 14 24 49.52 -44 35 25.91 , 0 0 0.31   0 0 4.7 , 17.53 , 20.5
1999 MN , J ,  9351 ,   743 , 21 32 5.57 -9 49 49.3 , 0 0 0.1   0 0 1.53 , 17.622 , 23.5
1993 EA ,OR , 17016 ,   863 , 13 28 14.36 1 53 19.54 , 0 0 0.01   0 0 0.12 , 18.555 , 22.12113751626007
2004 DV24 ,OR , 14802 ,   495 , 8 34 25.29 -23 11 53.2 , 0 0 0.02   0 0 0.35 , 18.663 , 22.083683487038268
2004 DV24 ,OR , 15523 ,   864 , 1 33 16.74 -1 25 56.68 , 0 0 0.02   0 0 0.29 , 18.916 , 21.95276429888825
2002 QF15 , I ,  7753 ,   880 , 7 11 56.67 0 57 12.06 , 0 0 0.01   0 0 0.08 , 17.836 , 20.5
2014 YS34 , J ,  9343 ,   876 , 17 48 6.29 0 40 32.59 , 0 0 0.52   0 0 7.74 , 19.469 , 23.5
2007 AE12 ,OR , 16627 ,   719 , 13 27 52.24 -10 27 16.02 , 0 0 0.12   0 0 1.73 , 17.243 , 22.043452632824014
1999 FA , J ,  4573 ,   157 , 4 14 26.08 -54 24 40.93 , 0 0 0.5   0 0 7.55 , 18.529 , 23.583683487038268
1989 AC , J ,  2335 ,   524 , 19 11 3.38 -22 3 17.14 , 0 0 0.0   0 0 0.01 , 19.213 , 23.2798859261804
2016 CA136 , J ,  9113 ,   859 , 0 7 50.88 1 5 44.63 , 0 0 0.09   0 0 1.38 , 19.474 , 23.5
2002 LV , I ,  7135 ,   879 , 6 34 35.38 0 26 43.84 , 0 0 0.01   0 0 0.16 , 19.194 , 20.5
2002 LV , R ,  7136 ,   879 , 6 34 48.88 0 26 33.72 , 0 0 0.01   0 0 0.16 , 19.195 , 22.027310937020445
2004 QT24 ,OR , 15624 ,   176 , 14 51 20.75 -57 31 44.83 , 0 0 0.02   0 0 0.3 , 19.5 , 22.0
2004 QT24 ,OR , 15629 ,   134 , 14 52 55.5 -57 6 52.45 , 0 0 0.02   0 0 0.3 , 19.56 , 21.843826579239625
2004 QT24 ,OR , 18103 ,   151 , 1 7 56.97 -54 36 24.59 , 0 0 0.04   0 0 0.57 , 18.521 , 22.0
2010 DW1 ,OR , 14097 ,    90 , 8 37 4.64 -66 1 20.39 , 0 0 0.14   0 0 2.13 , 19.502 , 21.942803136799157
2001 AD2 , I , 14270 ,   860 , 0 8 48.06 1 25 40.98 , 0 0 0.03   0 0 0.49 , 19.505 , 20.5
2000 YF29 , I ,  7037 ,   870 , 15 36 45.88 0 23 46.36 , 0 0 0.1   0 0 1.49 , 19.942 , 20.5
2001 FM129 , I , 18622 ,   894 , 11 49 22.88 1 37 16.14 , 0 0 0.01   0 0 0.18 , 19.617 , 20.5
2011 OB ,OR , 15689 ,   103 , 18 9 54.35 -63 22 30.11 , 0 0 0.03   0 0 0.42 , 19.477 , 21.95276429888825
2010 WZ8 ,OR , 10970 ,   639 , 10 42 6.25 -12 30 59.08 , 0 0 0.77   0 0 11.55 , 19.171 , 22.135424343486047
2004 LV3 , I , 15583 ,   232 , 19 21 43.86 -50 23 35.84 , 0 0 0.03   0 0 0.39 , 19.523 , 20.5
2015 RH2 , J ,  2928 ,   577 , 13 34 54.56 -18 55 20.46 , 0 0 0.82   0 0 12.37 , 18.896 , 23.583683487038268
2004 OB , I ,  6304 ,   661 , 17 56 15.76 -17 52 49.01 , 0 0 0.02   0 0 0.24 , 19.608 , 20.5
2004 OB , R ,  6305 ,   661 , 17 56 15.15 -17 53 20.36 , 0 0 0.02   0 0 0.24 , 19.609 , 22.18348435778082
2000 EV70 , J ,   785 ,   518 , 17 1 22.08 -26 32 5.78 , 0 0 0.08   0 0 1.2 , 18.322 , 23.343826579239625
1990 UA ,OR , 12550 ,   859 , 12 11 15.1 2 19 10.56 , 0 0 0.04   0 0 0.64 , 19.194 , 22.249465443631504
2014 ER49 , I , 16717 ,   241 , 23 44 35.66 -42 41 17.81 , 0 0 0.61   0 0 9.22 , 18.316 , 20.5
1994 CN2 , J , 10158 ,   860 , 0 9 4.12 0 19 1.38 , 0 0 0.13   0 0 1.89 , 19.221 , 23.62113751626007
1998 FH12 , J ,  9113 ,   859 , 23 49 21.19 -2 26 53.41 , 0 0 0.05   0 0 0.82 , 19.371 , 23.5
1984 QA ,OR , 17358 ,  543A , 1 51 58.08 -18 35 35.34 , 0 0 0.02   0 0 0.3 , 18.836 , 21.933679088372283
2012 QG42 ,OR , 14347 ,   219 , 12 42 55.23 -52 32 3.91 , 0 0 0.24   0 0 3.54 , 19.002 , 22.59640156839958
2009 TK12 ,OR , 13675 ,   388 , 15 31 46.72 -34 31 5.2 , 0 0 0.15   0 0 2.29 , 17.382 , 22.0
1982 HR , J ,  7730 ,   871 , 15 48 11.34 -1 19 23.59 , 0 0 0.09   0 0 1.32 , 14.96 , 23.5
1982 HR , I , 13299 ,   893 , 23 31 53.34 0 21 51.98 , 0 0 0.02   0 0 0.23 , 18.621 , 20.5
2000 PN9 , J ,  8627 ,   874 , 5 7 17.06 0 25 57.83 , 0 0 0.0   0 0 0.06 , 17.868 , 23.5
2006 OC5 ,OR , 14493 ,   590 , 18 9 54.0 -21 23 40.09 , 0 0 0.01   0 0 0.22 , 18.606 , 21.843826579239625
2006 OC5 ,OR , 14542 ,   521 , 17 45 49.91 -24 0 55.91 , 0 0 0.02   0 0 0.32 , 18.596 , 21.7798859261804
1989 UQ ,OR , 13446 ,   751 , 23 53 18.57 -7 35 7.98 , 0 0 0.03   0 0 0.4 , 17.894 , 22.043452632824014
2018 GJ1 , J ,  9597 ,   834 , 3 36 7.13 -2 34 48.04 , 0 4 52.09   1 13 1.4 , 19.275 , 23.5
2011 LL2 , I , 15838 ,   551 , 4 31 34.71 -18 16 30.76 , 0 0 0.37   0 0 5.5 , 19.287 , 20.5
1978 CA , I , 12254 ,   829 , 13 56 47.53 -2 42 2.99 , 0 0 0.0   0 0 0.02 , 19.245 , 20.5
2004 LJ1 ,OR , 16502 ,   498 , 9 28 13.56 -24 20 50.6 , 0 0 0.01   0 0 0.2 , 19.119 , 22.156173420760375
1998 QS52 , J ,  8630 ,   886 , 21 4 41.23 -1 2 6.4 , 0 0 0.01   0 0 0.09 , 19.509 , 23.5
2000 GK137 , I , 11504 ,   839 , 5 16 21.57 2 54 25.6 , 0 0 0.02   0 0 0.24 , 19.447 , 20.5
1997 NC1 , I , 14335 ,   865 , 1 53 4.51 2 51 59.18 , 0 0 0.02   0 0 0.31 , 19.903 , 20.5
1997 NC1 ,OR , 17016 ,   863 , 1 16 9.03 0 46 43.93 , 0 0 0.02   0 0 0.34 , 19.532 , 22.12113751626007
1991 AQ , I , 16289 ,   597 , 20 37 32.02 -21 11 38.0 , 0 0 0.03   0 0 0.52 , 15.676 , 20.5
1989 VB ,OR , 13417 ,   822 , 23 41 7.05 -3 34 44.8 , 0 0 0.15   0 0 2.31 , 15.826 , 22.043452632824014
2001 SN289 ,OR , 17201 ,   354 , 2 1 25.42 -35 5 37.68 , 0 0 0.05   0 0 0.72 , 18.683 , 22.043452632824014
1998 ML14 , I , 14191 ,   859 , 0 7 14.57 1 40 37.52 , 0 0 0.01   0 0 0.09 , 19.616 , 20.5
2001 SG10 ,OR , 12222 ,   672 , 21 37 27.48 -16 22 28.2 , 0 0 0.05   0 0 0.72 , 19.701 , 22.249465443631504
2001 SG10 , I , 16355 ,   748 , 23 11 23.12 -9 18 11.05 , 0 0 0.06   0 0 0.96 , 18.3 , 20.5
2004 OT11 ,OR , 12456 ,   847 , 8 4 56.55 0 54 23.33 , 0 0 0.11   0 0 1.61 , 19.812 , 22.277310937020445
2012 XO111 , J ,  4912 ,   273 , 14 55 50.83 -45 19 1.09 , 0 0 2.32   0 0 34.75 , 18.672 , 23.512521400946905
2003 SD220 , J ,  5777 ,   857 , 23 19 38.77 0 29 33.04 , 0 0 0.0   0 0 0.04 , 19.449 , 23.583683487038268
2004 UL , I , 15786 ,    47 , 20 56 7.92 -75 11 4.13 , 0 0 0.13   0 0 2.01 , 19.587 , 20.5
2004 UL , J , 16381 ,   755 , 1 8 46.65 -7 50 0.92 , 0 0 0.02   0 0 0.32 , 19.356 , 23.829051793468228
1997 QK1 , I , 17742 ,   812 , 20 23 26.92 -5 29 36.38 , 0 0 0.03   0 0 0.44 , 18.249 , 20.5
2005 JS108 , I , 16175 ,   821 , 23 16 14.37 -2 38 3.16 , 0 0 0.06   0 0 0.88 , 16.968 , 20.5
1990 HA ,OR , 13446 ,   751 , 23 49 21.51 -4 33 34.06 , 0 0 0.06   0 0 0.89 , 18.631 , 22.043452632824014
2007 CA19 , J ,  9113 ,   859 , 23 59 41.25 -1 7 41.59 , 0 0 0.03   0 0 0.45 , 19.593 , 23.5
1989 PB ,OR , 13771 ,   336 , 18 41 16.84 -38 40 52.79 , 0 0 0.0   0 0 0.03 , 16.919 , 21.90102344244047
1989 PB , I , 15538 ,   374 , 10 10 41.36 -35 4 4.48 , 0 0 0.0   0 0 0.07 , 15.979 , 20.5
2004 RE84 , I , 16013 ,   644 , 12 29 16.86 -14 56 36.38 , 0 0 0.04   0 0 0.56 , 18.903 , 20.5
2012 BB124 , J ,  2550 ,    27 , 22 12 42.33 -82 6 28.94 , 0 0 0.71   0 0 10.64 , 18.356 , 23.5
2009 AV ,OR , 13268 ,   660 , 17 42 1.46 -17 38 9.2 , 0 0 0.27   0 0 4.07 , 17.275 , 22.12113751626007
2015 TE323 , I , 13764 ,   873 , 16 33 59.56 -2 16 15.28 , 0 0 0.2   0 0 2.95 , 19.981 , 20.5
1991 EE , I , 14551 ,   671 , 21 18 15.76 -13 0 56.38 , 0 0 0.04   0 0 0.53 , 13.358 , 20.5
1996 EN , J ,  4739 ,   429 , 7 43 34.95 -30 40 11.39 , 0 0 0.01   0 0 0.18 , 19.922 , 23.583683487038268
1996 EN , I ,  6743 ,   630 , 7 51 39.0 -12 33 57.38 , 0 0 0.01   0 0 0.16 , 19.291 , 20.5
1996 EN , R ,  6744 ,   630 , 7 51 33.79 -12 31 57.79 , 0 0 0.01   0 0 0.16 , 19.292 , 22.027310937020445
1996 EN , I ,  6758 ,   702 , 7 49 23.63 -11 37 54.48 , 0 0 0.01   0 0 0.16 , 19.31 , 20.5
1996 EN ,OR , 14720 ,   430 , 8 2 19.66 -27 56 32.96 , 0 0 0.01   0 0 0.16 , 19.794 , 22.0
1996 EN , I , 19288 ,   828 , 13 28 54.69 0 41 34.8 , 0 0 0.0   0 0 0.06 , 19.762 , 20.5
1991 CS ,OR , 12550 ,   859 , 23 55 11.41 2 7 22.44 , 0 0 0.0   0 0 0.02 , 19.968 , 22.249465443631504
1991 CS ,OR , 14144 ,   310 , 7 11 9.6 -42 20 42.36 , 0 0 0.02   0 0 0.25 , 16.351 , 21.95276429888825
2005 NJ1 , I ,  6156 ,   457 , 18 34 15.25 -31 42 56.7 , 0 0 0.08   0 0 1.21 , 18.697 , 20.5
2005 NJ1 , R ,  6157 ,   457 , 18 33 59.87 -31 42 38.88 , 0 0 0.08   0 0 1.21 , 18.696 , 22.027310937020445
2017 RL , I ,  5067 ,    96 , 13 23 23.79 -67 31 7.9 , 0 0 0.32   0 0 4.73 , 19.791 , 20.5
2017 RL , R ,  5068 ,    96 , 13 23 1.14 -67 31 12.07 , 0 0 0.32   0 0 4.73 , 19.79 , 22.027310937020445
2000 EE14 ,OR , 12837 ,   825 , 12 49 37.17 -2 30 21.02 , 0 0 0.0   0 0 0.07 , 19.5 , 22.12113751626007
1999 DJ4 , I , 18510 ,   406 , 22 40 56.69 -32 20 23.06 , 0 0 0.02   0 0 0.31 , 19.312 , 20.5
2012 KY3 ,OR , 14590 ,   824 , 12 22 6.51 2 20 8.52 , 0 0 0.09   0 0 1.32 , 19.759 , 22.0
2016 GT220 ,OR , 15123 ,    26 , 21 12 57.27 -79 18 4.25 , 0 0 0.35   0 0 5.26 , 17.997 , 22.0
2014 AF51 , J ,  8669 ,   661 , 17 58 32.23 -15 24 52.49 , 0 0 0.24   0 0 3.66 , 19.654 , 23.40102344244047
1999 NC43 ,OR , 15012 ,   528 , 20 24 55.95 -24 34 30.58 , 0 0 0.01   0 0 0.12 , 19.633 , 22.0
2001 CV26 , I ,  6227 ,   178 , 16 3 18.19 -54 27 29.74 , 0 0 0.01   0 0 0.12 , 18.696 , 20.5
2001 CV26 , R ,  6228 ,   178 , 16 3 20.71 -54 26 24.47 , 0 0 0.01   0 0 0.12 , 18.697 , 22.027310937020445
1991 JX ,OR , 16834 ,   894 , 23 42 5.54 0 4 54.88 , 0 0 0.0   0 0 0.0 , 0.0 , 22.156173420760375
1991 JX , I , 18622 ,   894 , 23 50 20.18 0 57 12.96 , 0 0 0.0   0 0 0.0 , 0.0 , 20.5
6743 P-L , J , 10439 ,   676 , 23 4 28.01 -13 53 5.24 , 0 0 0.03   0 0 0.49 , 17.71 , 23.62113751626007
1983 LC , J ,  8626 ,   728 , 16 22 25.82 -12 53 5.86 , 0 0 0.2   0 0 3.06 , 17.213 , 23.5
2021 CK2 , J ,  3938 ,   574 , 12 24 4.19 -20 23 28.97 , 0 2 18.75   0 34 41.21 , 19.855 , 23.5
1992 UY4 ,OR , 15004 ,   456 , 18 6 2.56 -29 19 52.93 , 0 0 0.03   0 0 0.52 , 18.349 , 21.70739599245829
1992 UY4 ,OR , 15057 ,   454 , 17 13 14.64 -27 32 32.28 , 0 0 0.07   0 0 1.02 , 16.328 , 21.843826579239625
1992 UY4 ,OR , 15083 ,   519 , 17 4 47.27 -26 6 10.12 , 0 0 0.07   0 0 1.05 , 16.138 , 21.843826579239625
1990 MU , J ,  2533 ,   291 , 23 20 5.6 -44 17 52.58 , 0 0 0.0   0 0 0.06 , 19.184 , 23.5
1990 MU , I , 12285 ,  295A , 0 53 26.66 -39 18 2.23 , 0 0 0.02   0 0 0.24 , 14.992 , 20.5
1989 QF ,OR , 13394 ,   819 , 22 33 44.27 -4 34 36.59 , 0 0 0.02   0 0 0.23 , 19.49 , 22.083683487038268
1998 VO , J , 12896 ,   763 , 4 0 26.1 -3 44 28.5 , 0 0 0.08   0 0 1.15 , 19.978 , 23.583683487038268
2016 QJ44 ,OR , 16994 ,   627 , 6 38 27.63 -17 10 8.26 , 0 4 23.7   1 5 55.48 , 18.402 , 22.083683487038268
2002 CE ,OR , 12542 ,   647 , 13 11 58.29 -15 41 10.25 , 0 0 0.01   0 0 0.19 , 19.395 , 22.277310937020445
1998 OH ,OR , 11313 ,   888 , 9 51 30.5 0 31 7.5 , 0 0 0.01   0 0 0.15 , 18.042 , 21.95276429888825
1998 OH , J , 11340 ,   890 , 10 17 18.29 -1 17 12.73 , 0 0 0.01   0 0 0.15 , 17.951 , 23.7201140738196
2003 WR21 ,OR , 17781 ,   541 , 1 11 17.2 -20 41 16.44 , 0 0 0.02   0 0 0.35 , 19.638 , 22.0
2004 WS2 , I , 16320 ,   538 , 23 52 30.92 -19 57 49.43 , 0 0 0.03   0 0 0.49 , 19.77 , 20.5
2000 YJ11 ,OR , 14453 ,   232 , 19 26 29.3 -50 45 39.42 , 0 0 0.11   0 0 1.68 , 19.934 , 21.95276429888825
2014 WV363 , I ,  9575 ,   195 , 0 50 37.46 -49 39 31.46 , 0 0 1.44   0 0 21.57 , 16.744 , 20.5
2002 VU94 , J ,  5777 ,   857 , 23 29 21.98 1 35 40.52 , 0 0 0.02   0 0 0.34 , 18.588 , 23.583683487038268
2005 TF49 ,OR , 13394 ,   819 , 22 45 43.64 -2 15 54.76 , 0 0 0.32   0 0 4.83 , 14.001 , 22.083683487038268
2018 YH , I , 16260 ,   668 , 20 11 1.66 -12 27 8.86 , 0 0 0.17   0 0 2.62 , 19.95 , 20.50778533511872
1990 SM ,OR , 13854 ,   233 , 20 8 20.47 -52 10 35.83 , 0 0 0.16   0 0 2.33 , 15.3 , 22.12113751626007
2012 UR136 , I ,  6391 ,   474 , 0 34 58.6 -25 38 37.97 , 0 0 0.3   0 0 4.48 , 18.043 , 20.656173420760375
2002 AM31 , J ,  8531 ,   798 , 15 42 11.49 -7 27 18.43 , 0 0 0.04   0 0 0.64 , 18.941 , 23.5
2011 UT20 ,OR , 16651 ,   600 , 21 52 57.09 -19 30 18.68 , 0 0 0.14   0 0 2.15 , 19.025 , 22.035035904500305
2006 SU131 ,OR , 13922 ,   409 , 23 47 7.0 -27 22 39.58 , 0 0 0.09   0 0 1.35 , 19.697 , 22.12113751626007
2004 AF ,OR ,  9889 ,   784 , 10 51 47.01 -3 21 31.28 , 0 0 0.01   0 0 0.19 , 19.681 , 22.083683487038268
2004 AF ,OR , 15082 ,   137 , 16 21 11.26 -58 43 32.77 , 0 0 0.05   0 0 0.7 , 16.326 , 21.843826579239625
2001 FD58 , I , 15389 ,   716 , 12 20 24.34 -8 42 59.76 , 0 0 0.02   0 0 0.31 , 18.761 , 20.656173420760375
2002 GO5 ,OR , 14590 ,   824 , 12 18 36.67 1 15 37.08 , 0 0 0.02   0 0 0.23 , 19.297 , 22.0
1995 SA ,OR , 14189 ,   843 , 6 32 35.61 0 41 44.81 , 0 0 0.04   0 0 0.63 , 17.815 , 22.0
1992 FE ,OR , 12550 ,   859 , 23 57 40.69 0 7 50.27 , 0 0 0.04   0 0 0.54 , 18.977 , 22.249465443631504
1992 FE , J , 12752 ,   894 , 11 39 9.74 0 0 15.8 , 0 0 0.01   0 0 0.21 , 19.913 , 23.629754651194947
1992 FE ,OR , 14841 ,   850 , 8 59 36.61 -1 58 40.01 , 0 0 0.07   0 0 1.06 , 15.937 , 22.083683487038268
1949 MA , I , 14442 ,   240 , 23 43 50.18 -52 16 27.05 , 0 0 0.02   0 0 0.28 , 17.634 , 20.5
1949 MA ,OR , 15690 ,   231 , 19 13 37.07 -47 39 58.61 , 0 0 0.01   0 0 0.16 , 18.908 , 21.95276429888825
1996 EO ,OR , 16740 ,   102 , 18 0 54.9 -63 53 17.63 , 0 0 0.07   0 0 1.0 , 19.738 , 22.104975161161743
2003 UC20 , I , 14270 ,   860 , 0 16 32.13 2 22 52.1 , 0 0 0.01   0 0 0.08 , 19.75 , 20.5
2003 UC20 ,OR , 14590 ,   824 , 12 22 46.03 -2 45 19.22 , 0 0 0.01   0 0 0.18 , 18.953 , 22.0
2006 SU19 ,OR , 15065 ,   593 , 19 14 43.31 -19 8 24.29 , 0 0 0.1   0 0 1.43 , 19.529 , 21.843826579239625
2004 VC ,OR , 15232 ,   199 , 3 15 4.6 -49 29 44.52 , 0 0 0.07   0 0 1.05 , 17.863 , 22.043452632824014
2003 CC , I , 15049 ,   802 , 16 59 37.36 -3 27 33.62 , 0 0 0.26   0 0 3.93 , 16.221 , 20.36743325944009
1998 UT18 ,OR , 13079 ,   872 , 16 17 57.73 1 15 41.26 , 0 0 0.01   0 0 0.16 , 19.11 , 22.043452632824014
1998 UT18 ,OR , 15822 ,   694 , 5 3 29.09 -7 11 4.06 , 0 0 0.01   0 0 0.18 , 18.249 , 22.0
1994 XL1 ,OR , 16444 ,   767 , 5 18 17.87 -2 59 22.38 , 0 0 0.07   0 0 1.06 , 14.962 , 22.12113751626007
2001 KZ66 , J ,  5576 ,   562 , 8 16 50.62 -20 39 26.64 , 0 0 0.01   0 0 0.2 , 17.918 , 23.5
2001 KZ66 ,OR , 12542 ,   647 , 13 16 17.97 -16 6 27.68 , 0 0 0.01   0 0 0.16 , 18.651 , 22.277310937020445
1991 RB , J ,  3524 ,   296 , 1 31 48.19 -40 42 24.84 , 0 0 0.18   0 0 2.64 , 18.385 , 23.62113751626007
1991 RB ,OR , 14522 ,   108 , 22 18 58.15 -64 15 49.0 , 0 0 0.1   0 0 1.46 , 17.697 , 22.0
1991 DG ,OR , 14162 ,   706 , 9 9 2.94 -9 14 56.98 , 0 0 0.03   0 0 0.4 , 18.054 , 22.083683487038268
2013 NV , J ,  8639 ,   656 , 16 26 54.72 -14 0 35.68 , 0 0 0.35   0 0 5.3 , 16.441 , 23.5
2004 JG6 , J ,  8230 ,   828 , 13 37 25.67 0 21 46.37 , 0 0 0.04   0 0 0.54 , 19.603 , 23.543452632824014
2015 TM237 , I , 12975 ,   849 , 8 38 37.0 1 47 0.35 , 0 0 2.8   0 0 41.99 , 17.545 , 20.5
2017 RR15 , J ,  8822 ,   679 , 0 7 29.83 -12 34 50.2 , 0 0 2.27   0 0 34.0 , 19.228 , 23.5
2017 RR15 ,OR , 14905 ,   504 , 11 35 6.84 -26 45 33.37 , 0 0 1.23   0 0 18.51 , 19.394 , 22.017800548893263
2009 CS , I , 14480 ,   888 , 21 43 22.52 0 52 58.44 , 0 0 1.47   0 0 21.98 , 18.698 , 20.5
1991 OA , I , 16568 ,   508 , 13 15 43.38 -24 28 44.18 , 0 0 0.03   0 0 0.5 , 18.793 , 20.5
2011 CY46 ,OR , 15087 ,    27 , 23 55 4.29 -81 52 46.52 , 0 0 1.12   0 0 16.86 , 19.036 , 22.0
1998 HL1 , I , 14263 ,   570 , 11 22 11.74 -21 52 3.72 , 0 0 0.02   0 0 0.35 , 19.476 , 20.5
1996 FO3 ,OR , 17010 ,   384 , 14 7 10.1 -37 20 31.38 , 0 0 0.06   0 0 0.94 , 18.159 , 22.12113751626007
1979 VA , I ,  5017 ,   522 , 18 14 42.73 -24 56 10.82 , 0 0 0.02   0 0 0.25 , 18.484 , 20.46897052034371
1979 VA , R ,  5028 ,   522 , 18 14 34.22 -24 54 31.46 , 0 0 0.02   0 0 0.26 , 18.38 , 22.027310937020445
1979 VA , I ,  5070 ,   521 , 18 5 44.13 -24 32 1.21 , 0 0 0.02   0 0 0.33 , 17.328 , 20.5
1979 VA , R ,  5083 ,   521 , 17 55 44.01 -24 11 11.08 , 0 0 0.02   0 0 0.36 , 16.66 , 22.027310937020445
1979 VA , J ,  5279 ,   585 , 16 34 38.77 -17 31 26.69 , 0 0 0.02   0 0 0.35 , 16.345 , 23.543452632824014
2010 VZ ,OR , 12144 ,   814 , 20 51 46.53 -4 20 43.51 , 0 0 0.94   0 0 14.06 , 17.848 , 22.249465443631504
1975 YA , I ,  9915 ,   844 , 19 8 52.64 -1 8 11.51 , 0 0 0.0   0 0 0.06 , 18.806 , 20.5
1975 YA , R ,  9916 ,   844 , 19 9 2.36 -1 9 24.3 , 0 0 0.0   0 0 0.06 , 18.807 , 22.027310937020445
2011 EG17 , I ,  9954 ,   774 , 7 37 42.76 -6 46 39.9 , 0 0 0.72   0 0 10.84 , 19.972 , 20.5
2011 EG17 , R ,  9955 ,   774 , 7 37 56.64 -6 40 14.7 , 0 0 0.72   0 0 10.81 , 19.976 , 22.18348435778082
1981 ET3 , J ,  4851 ,   384 , 13 50 1.74 -35 45 14.98 , 0 0 0.01   0 0 0.12 , 18.156 , 23.5
1981 ET3 , I , 16523 ,   785 , 11 28 24.14 -3 35 57.55 , 0 0 0.01   0 0 0.08 , 17.525 , 20.5
1981 ET3 , I , 18622 ,   894 , 11 30 18.23 1 19 26.26 , 0 0 0.0   0 0 0.03 , 19.243 , 20.5
2005 GO21 , J , 11340 ,   890 , 10 29 0.47 0 13 49.44 , 0 0 0.07   0 0 1.08 , 17.438 , 23.7201140738196
2005 GO21 ,OR , 11918 ,   881 , 7 19 29.39 -2 54 6.26 , 0 0 0.07   0 0 1.03 , 18.251 , 22.12113751626007
2005 GO21 ,OR , 13079 ,   872 , 4 18 23.36 1 47 5.53 , 0 0 0.08   0 0 1.19 , 18.094 , 22.043452632824014
2003 QZ30 ,OR ,  9536 ,   739 , 19 53 11.92 -8 15 10.44 , 0 0 0.01   0 0 0.15 , 19.262 , 21.90102344244047
2014 KB91 ,OR , 13394 ,   819 , 22 40 0.92 -6 47 13.56 , 0 10 44.38   2 41 5.77 , 18.754 , 22.083683487038268
2014 KB91 ,OR , 13417 ,   822 , 23 46 14.12 -3 55 19.31 , 0 8 0.39   2 0 5.84 , 19.365 , 22.043452632824014
2005 BC ,OR , 16994 ,   627 , 6 44 38.3 -14 40 44.98 , 0 0 0.02   0 0 0.27 , 19.895 , 22.083683487038268
2001 XN254 ,OR , 14523 ,   893 , 11 28 57.39 2 17 15.97 , 0 0 0.01   0 0 0.13 , 19.671 , 22.0
1992 SK , I , 14270 ,   860 , 0 13 34.62 -1 13 21.72 , 0 0 0.0   0 0 0.02 , 19.971 , 20.5
2001 SO73 ,OR , 14523 ,   893 , 23 8 17.9 1 41 34.22 , 0 0 0.05   0 0 0.69 , 18.765 , 22.0
1987 SB , J , 12230 ,   751 , 23 55 34.85 -6 26 42.61 , 0 0 0.03   0 0 0.39 , 17.798 , 23.749465443631504
2000 SY2 , J ,  3649 ,   480 , 2 50 3.13 -23 42 52.67 , 0 0 0.03   0 0 0.38 , 16.357 , 23.583683487038268
2000 SY2 , I , 10955 ,   857 , 23 15 48.31 0 5 3.7 , 0 0 0.01   0 0 0.1 , 17.061 , 20.5
2001 KY66 ,OR , 14298 ,   393 , 17 46 33.86 -37 3 30.71 , 0 0 0.03   0 0 0.45 , 19.096 , 21.623712505420023
2000 LY27 , J ,  2331 ,   511 , 14 16 52.69 -25 45 22.1 , 0 0 0.05   0 0 0.76 , 17.568 , 23.5
2000 LY27 , J ,  2395 ,   579 , 14 17 55.44 -17 57 47.45 , 0 0 0.03   0 0 0.46 , 18.825 , 23.5
2000 LY27 ,OR , 14305 ,   390 , 16 24 52.2 -37 45 9.47 , 0 0 0.03   0 0 0.47 , 17.998 , 21.90102344244047
2000 BO28 ,OR , 12995 ,   857 , 11 10 36.32 0 1 32.88 , 0 0 0.06   0 0 0.91 , 19.218 , 22.043452632824014
1993 BX3 ,OR , 15311 ,   501 , 10 50 46.38 -23 58 50.95 , 0 0 0.09   0 0 1.38 , 16.749 , 22.043452632824014
2005 QC5 , J ,  4504 ,   292 , 0 4 25.3 -45 10 24.2 , 0 0 0.07   0 0 1.12 , 18.344 , 23.583683487038268
2006 KL21 , I , 10523 ,   192 , 23 58 8.55 -57 14 54.71 , 0 0 0.15   0 0 2.32 , 19.929 , 20.5
1991 VK , I , 13299 ,   893 , 11 31 2.36 0 11 53.99 , 0 0 0.0   0 0 0.02 , 19.289 , 20.5
1991 VK ,OR , 14982 ,   645 , 12 45 49.95 -16 6 49.9 , 0 0 0.0   0 0 0.05 , 18.755 , 22.0
2000 ED104 ,OR , 15340 ,   858 , 23 30 35.33 -2 29 11.72 , 0 0 0.01   0 0 0.11 , 19.74 , 22.083683487038268
2000 ED104 , I , 16466 ,   16A , 6 28 13.46 -79 44 58.52 , 0 0 0.02   0 0 0.37 , 18.99 , 20.5
1999 JD6 ,OR , 17311 ,   829 , 13 53 51.27 -2 40 27.41 , 0 0 0.0   0 0 0.05 , 19.108 , 22.0
1999 TF5 , J ,  4826 ,   218 , 12 18 29.99 -48 2 23.32 , 0 0 0.75   0 0 11.19 , 19.485 , 23.543452632824014
2001 QL142 , I , 17460 ,   855 , 22 37 10.92 -2 33 18.32 , 0 0 0.02   0 0 0.26 , 19.101 , 20.5
2012 OP4 , R ,  7477 ,   629 , 7 18 13.08 -13 39 38.45 , 0 0 0.41   0 0 6.14 , 17.798 , 22.027310937020445
2000 DK79 ,OR , 14323 ,   653 , 15 11 15.38 -13 11 53.84 , 0 0 0.01   0 0 0.2 , 19.483 , 22.0
2009 QJ9 , I , 18986 ,   49A , 23 0 26.04 -73 18 9.76 , 0 0 0.17   0 0 2.55 , 18.214 , 20.5